1111 186
0000 185
1234 184
1212 183
1122 182
2000 181
1313 180
1230 180
1233 179
1123 179
1224 178
1221 177
1004 177
9999 176
0007 176
2001 175
1223 175
1112 175
1010 175
0070 175
1225 174
1324 173
2222 172
1999 172
1987 172
5150 171
1988 171
1986 171
1024 171
1000 171
0909 171
1985 170
1984 170
1213 170
1121 170
2002 169
1231 169
0123 169
3333 168
7777 167
2323 166
1983 166
1982 166
1981 166
1979 166
1969 166
1235 166
1020 166
1001 166
2121 165
1818 165
0101 165
5555 164
4444 164
1977 164
1357 164
1211 164
1124 164
1029 164
1023 164
6969 163
6666 163
2468 163
2112 163
1978 163
1980 162
1976 162
1975 162
0001 162
8888 161
1120 161
1974 160
1414 160
1214 160
1125 160
1973 159
1970 159
1011 159
1007 159
4321 158
2580 158
1515 158
1227 158
1222 158
0907 158
2424 157
1012 157
2020 156
1989 156
1972 156
1210 156
1209 156
1113 156
1028 156
2525 155
1971 155
1226 155
1220 155
1966 154
1318 154
1114 154
1025 154
7410 153
1228 153
1128 153
1967 152
1964 152
1215 152
1205 152
2345 151
1204 151
1126 151
1101 151
0987 151
1968 150
1127 150
0202 150
1965 149
1963 149
1217 149
1203 149
1119 149
1117 149
1104 149
1027 149
1022 149
1013 149
1009 149
1003 149
1245 148
1218 148
1129 148
1115 148
1103 148
1021 148
1014 148
1229 147
1216 147
1202 147
1201 147
1118 147
1002 147
0420 147
0303 147
0124 147
0077 147
1030 146
4545 145
1990 145
1102 145
1026 145
1018 145
1017 145
0505 145
1919 144
1105 144
1019 144
1008 144
0411 144
4200 143
1962 143
1960 143
1208 143
1207 143
1206 143
1130 143
9876 142
8520 142
3210 142
1956 142
1236 142
1219 142
1015 142
1005 142
4567 141
3535 141
1957 141
1955 141
1717 141
1232 141
1133 141
1108 141
0815 141
1107 140
0808 140
3232 139
1959 139
1701 139
1116 139
1110 139
1100 139
0321 139
0011 139
5678 138
1945 138
1106 138
1006 138
2003 137
1961 137
1314 137
1109 137
1016 137
0707 137
0102 137
5425 136
2211 136
1379 136
0912 136
0404 136
5252 135
1998 135
1958 135
0911 135
0316 135
7890 134
3434 134
2626 134
1991 134
1616 134
1321 134
0214 134
0203 134
0121 134
7878 133
2004 133
1423 133
0314 133
3030 132
1954 132
1953 132
1952 132
1243 132
1200 132
0922 132
0311 132
2727 131
2233 131
1992 131
1950 131
0908 131
0210 131
0009 131
5656 130
1323 130
1031 130
0213 130
0125 130
9111 129
9090 129
5050 129
1942 129
0711 129
0604 129
0510 129
0313 129
7942 128
5454 128
3131 128
1951 128
1478 128
1312 128
1254 128
0722 128
0625 128
0412 128
0204 128
0120 128
7979 127
1411 127
0928 127
0923 127
0918 127
0512 127
0111 127
0110 127
3456 126
2103 126
1949 126
1331 126
0927 126
0515 126
0416 126
0413 126
0410 126
0326 126
0310 126
0302 126
5000 125
3000 125
2828 125
2510 125
2210 125
1346 125
0924 125
0917 125
0822 125
0811 125
0525 125
0423 125
0318 125
0315 125
0312 125
0304 125
0220 125
0012 125
8282 124
4242 124
1948 124
1432 124
1369 124
1311 124
1256 124
1092 124
0606 124
0502 124
0428 124
0402 124
0325 124
0323 124
0305 124
0225 124
0112 124
3636 123
2010 123
2005 123
0714 123
0419 123
0212 123
0099 123
0069 123
2311 122
1412 122
0929 122
0913 122
0812 122
0809 122
0712 122
0704 122
0611 122
0523 122
0517 122
0501 122
0405 122
0327 122
0319 122
0317 122
0024 122
6789 121
4141 121
2412 121
2212 121
2110 121
2008 121
1415 121
1345 121
1052 121
0926 121
0915 121
0829 121
0807 121
0721 121
0624 121
0622 121
0613 121
0612 121
0610 121
0521 121
0513 121
0417 121
0415 121
0414 121
0301 121
0209 121
0208 121
0122 121
8989 120
2332 120
1997 120
1907 120
0925 120
0914 120
0813 120
0710 120
0616 120
0524 120
0509 120
0426 120
0425 120
0408 120
0224 120
0219 120
0217 120
0205 120
7788 119
3211 119
2111 119
1993 119
1947 119
1944 119
1941 119
1290 119
0919 119
0526 119
0507 119
0322 119
0221 119
0218 119
0147 119
2848 118
2312 118
2244 118
2123 118
1996 118
1994 118
1940 118
1472 118
1453 118
0921 118
0916 118
0825 118
0818 118
0516 118
0407 118
0328 118
0223 118
0211 118
0103 118
0083 118
0013 118
3214 117
2104 117
1911 117
1452 117
0920 117
0904 117
0828 117
0824 117
0820 117
0810 117
0723 117
0708 117
0522 117
0511 117
0506 117
0504 117
0424 117
0324 117
0128 117
0114 117
0078 117
2501 116
2356 116
1188 116
1134 116
0823 116
0804 116
0728 116
0724 116
0614 116
0427 116
0418 116
0330 116
0320 116
0222 116
0215 116
2929 115
2469 115
2011 115
1995 115
1946 115
1812 115
1776 115
1492 115
1437 115
1404 115
1300 115
1248 115
1244 115
0717 115
0617 115
0607 115
0527 115
0307 115
0306 115
0228 115
0206 115
0116 115
0104 115
0010 115
7894 114
5151 114
4000 114
3117 114
2486 114
2310 114
2202 114
2006 114
1943 114
1928 114
1809 114
1469 114
1410 114
1350 114
1322 114
1199 114
1144 114
0910 114
0906 114
0802 114
0727 114
0725 114
0701 114
0615 114
0601 114
0520 114
0518 114
0514 114
0429 114
0308 114
0227 114
0127 114
0113 114
0108 114
0098 114
7474 113
1937 113
1800 113
1325 113
0406 113
0118 113
0117 113
0107 113
9988 112
7272 112
4646 112
4040 112
2314 112
1914 112
1310 112
1177 112
1066 112
0729 112
0709 112
0623 112
0602 112
0519 112
0422 112
0421 112
0216 112
0201 112
0129 112
0119 112
0109 112
0079 112
8080 111
7070 111
6464 111
2341 111
2122 111
2100 111
1905 111
1590 111
1358 111
1155 111
1080 111
0901 111
0826 111
0816 111
0805 111
0620 111
0528 111
0401 111
0309 111
0226 111
0105 111
7899 110
5858 110
4862 110
4747 110
4455 110
3690 110
3321 110
3006 110
2511 110
2411 110
2226 110
2012 110
2007 110
1939 110
1525 110
1470 110
1255 110
0817 110
0719 110
0718 110
0713 110
0628 110
0621 110
0618 110
0609 110
0403 110
0130 110
0008 110
0002 110
6767 109
5757 109
3223 109
2333 109
2205 109
1908 109
0903 109
0814 109
0603 109
0530 109
0126 109
0071 109
9981 108
9898 108
9000 108
7575 108
5888 108
3322 108
3113 108
3112 108
1511 108
1425 108
1402 108
1342 108
1333 108
1329 108
1237 108
0827 108
0803 108
0715 108
0703 108
0702 108
0626 108
0619 108
0529 108
0503 108
0409 108
0207 108
0115 108
6669 107
5353 107
4711 107
3838 107
3737 107
3310 107
3133 107
3111 107
2234 107
2223 107
1920 107
1900 107
1541 107
1516 107
1456 107
1315 107
1309 107
1305 107
1301 107
0801 107
0508 107
8585 106
6565 106
4001 106
3477 106
2357 106
2131 106
2105 106
1711 106
1710 106
1420 106
1317 106
1303 106
1258 106
1132 106
0905 106
0821 106
0705 106
6996 105
4860 105
4848 105
4343 105
3579 105
3344 105
3213 105
2512 105
2500 105
2425 105
2410 105
2324 105
2101 105
1938 105
1936 105
1903 105
1821 105
1523 105
1512 105
1510 105
1500 105
1441 105
1435 105
1407 105
1397 105
1320 105
1304 105
1302 105
1269 105
1250 105
1238 105
0902 105
0806 105
0720 105
0605 105
0329 105
0258 105
8899 104
7896 104
5959 104
5683 104
5588 104
5566 104
4568 104
3939 104
3412 104
3355 104
2401 104
2313 104
2301 104
2255 104
2204 104
2134 104
1466 104
1380 104
1316 104
1240 104
0930 104
0819 104
0706 104
0331 104
0242 104
0106 104
7000 103
3323 103
2304 103
1933 103
1555 103
1307 103
0726 103
0629 103
0608 103
8787 102
5525 102
3515 102
3311 102
3233 102
3231 102
3110 102
2513 102
2236 102
2232 102
2230 102
2133 102
1925 102
1910 102
1902 102
1623 102
1504 102
1356 102
1239 102
1192 102
1138 102
0716 102
0627 102
0486 102
0131 102
7676 101
4562 101
3421 101
3212 101
3003 101
2918 101
2442 101
2321 101
2303 101
2235 101
2213 101
2109 101
2021 101
1932 101
1909 101
1881 101
1820 101
1810 101
1730 101
1532 101
1524 101
1520 101
1503 101
1501 101
1471 101
1408 101
1332 101
1308 101
1288 101
1278 101
0666 101
0430 101
0023 101
9874 100
8484 100
6868 100
4949 100
4123 100
4111 100
3669 100
3377 100
3215 100
2611 100
2588 100
2526 100
2514 100
2508 100
2326 100
2322 100
2306 100
2201 100
2200 100
2124 100
2107 100
2009 100
1929 100
1912 100
1904 100
1888 100
1819 100
1718 100
1610 100
1602 100
1542 100
1530 100
1518 100
1505 100
1502 100
1477 100
1403 100
1401 100
1326 100
1241 100
0831 100
0830 100
0080 100
7913 99
7711 99
3141 99
2610 99
2456 99
2369 99
2203 99
2013 99
1424 99
1340 99
1289 99
1147 99
1131 99
0531 99
0190 99
9900 98
8181 98
4561 98
3256 98
3011 98
2811 98
2507 98
2505 98
2413 98
2334 98
2307 98
2258 98
2208 98
2120 98
1917 98
1906 98
1803 98
1789 98
1707 98
1603 98
1417 98
1416 98
1319 98
1187 98
1166 98
0022 98
0021 98
6699 97
6262 97
5001 97
4554 97
3366 97
3216 97
3013 97
3001 97
2911 97
2711 97
2707 97
2308 97
2302 97
2221 97
2215 97
2207 97
2130 97
2102 97
2022 97
1935 97
1918 97
1775 97
1611 97
1608 97
1604 97
1598 97
1596 97
1479 97
1458 97
1434 97
1430 97
1421 97
1413 97
1347 97
1247 97
1140 97
1070 97
6363 96
4556 96
3123 96
2527 96
2405 96
2288 96
2126 96
2108 96
1927 96
1422 96
1409 96
1406 96
1378 96
1359 96
1042 96
0003 96
9292 95
8686 95
8426 95
7895 95
7412 95
7171 95
6405 95
5665 95
3927 95
3353 95
2712 95
2710 95
2503 95
2406 95
2331 95
2309 95
2300 95
2277 95
2231 95
2218 95
2132 95
2114 95
2106 95
2023 95
1923 95
1922 95
1901 95
1828 95
1811 95
1712 95
1709 95
1664 95
1618 95
1551 95
1431 95
1405 95
1400 95
1334 95
1306 95
1253 95
1141 95
1135 95
1088 95
0187 95
9191 94
7373 94
7007 94
5646 94
5432 94
4865 94
4244 94
4201 94
4004 94
3221 94
3122 94
3121 94
2612 94
2504 94
2404 94
2327 94
2325 94
2318 94
2305 94
2225 94
2214 94
2030 94
2025 94
2015 94
1924 94
1892 94
1877 94
1836 94
1807 94
1804 94
1719 94
1703 94
1688 94
1617 94
1595 94
1540 94
1508 94
1507 94
1488 94
1428 94
1418 94
1328 94
1299 94
1284 94
1182 94
1178 94
1175 94
1145 94
1032 94
0730 94
9911 93
5577 93
5225 93
4500 93
4416 93
4268 93
3511 93
3452 93
3433 93
3334 93
3320 93
3312 93
3160 93
3125 93
3108 93
3010 93
2502 93
2407 93
2229 93
2206 93
2115 93
2113 93
1930 93
1793 93
1732 93
1728 93
1589 93
1521 93
1517 93
1433 93
1375 93
1280 93
1277 93
1242 93
1172 93
1143 93
1069 93
9696 92
9510 92
9115 92
8000 92
7787 92
7411 92
5677 92
5129 92
4565 92
4563 92
3313 92
3303 92
3234 92
2910 92
2402 92
2316 92
2143 92
2094 92
1934 92
1808 92
1705 92
1665 92
1624 92
1506 92
1440 92
1257 92
1198 92
1174 92
1090 92
0979 92
8008 91
7778 91
7734 91
6543 91
6060 91
5654 91
5123 91
4456 91
3388 91
3103 91
3021 91
3012 91
3004 91
2903 91
2810 91
2609 91
2606 91
2441 91
2415 91
2408 91
2209 91
2125 91
2119 91
2024 91
1805 91
1704 91
1700 91
1652 91
1612 91
1509 91
1486 91
1436 91
1327 91
1156 91
1152 91
1149 91
1098 91
0630 91
0004 91
9110 90
8411 90
7799 90
6609 90
6497 90
5881 90
5212 90
4512 90
4114 90
4011 90
3825 90
3800 90
3325 90
3132 90
3105 90
2703 90
2662 90
2589 90
2520 90
2509 90
2506 90
2417 90
2403 90
2400 90
2337 90
2241 90
2080 90
2046 90
1913 90
1822 90
1801 90
1702 90
1626 90
1620 90
1605 90
1597 90
1522 90
1377 90
1352 90
1298 90
1286 90
1252 90
1185 90
1154 90
1079 90
0852 90
0731 90
0100 90
0014 90
7531 89
4433 89
3200 89
2603 89
2434 89
2430 89
2422 89
2365 89
2315 89
2144 89
1921 89
1601 89
1514 89
1475 89
1457 89
1444 89
1266 89
1169 89
1162 89
1151 89
1033 89
0072 89
0020 89
0005 89
9989 88
8898 88
7789 88
7749 88
6942 88
6161 88
5424 88
5354 88
5112 88
4600 88
4566 88
4564 88
4560 88
4488 88
4232 88
3435 88
3411 88
3399 88
3324 88
3315 88
3266 88
3245 88
3235 88
3100 88
2801 88
2728 88
2708 88
2684 88
2627 88
2455 88
2435 88
2423 88
2344 88
2224 88
2045 88
2026 88
1876 88
1788 88
1721 88
1621 88
1600 88
1599 88
1570 88
1559 88
1545 88
1330 88
1249 88
1167 88
1153 88
1148 88
1041 88
1040 88
1035 88
0152 88
0143 88
7889 87
7477 87
5544 87
5233 87
5115 87
4700 87
4569 87
4486 87
4421 87
3577 87
3512 87
3369 87
3250 87
3107 87
3007 87
2812 87
2808 87
2802 87
2709 87
2705 87
2704 87
2622 87
2604 87
2579 87
2575 87
2552 87
2522 87
2466 87
2428 87
2426 87
2358 87
2257 87
2243 87
2242 87
2228 87
2217 87
2150 87
2135 87
2117 87
2040 87
1725 87
1722 87
1713 87
1628 87
1622 87
1578 87
1567 87
1552 87
1531 87
1526 87
1451 87
1450 87
1442 87
1429 87
1337 87
1180 87
1173 87
1168 87
1037 87
0342 87
0018 87
9632 86
5455 86
5221 86
5013 86
4654 86
4555 86
4520 86
3331 86
3304 86
3124 86
2633 86
2574 86
2464 86
2342 86
2014 86
1926 86
1887 86
1806 86
1802 86
1777 86
1771 86
1708 86
1699 86
1609 86
1579 86
1385 86
1246 86
1191 86
1150 86
1137 86
1057 86
1036 86
0025 86
9119 85
8021 85
7856 85
7399 85
5674 85
5623 85
5456 85
5412 85
4431 85
4411 85
4312 85
4142 85
3698 85
3691 85
3651 85
3403 85
3332 85
3236 85
3224 85
2804 85
2467 85
2409 85
2336 85
2245 85
2136 85
1899 85
1706 85
1580 85
1476 85
1443 85
1427 85
1399 85
1351 85
1349 85
1297 85
1279 85
1263 85
1139 85
0999 85
0900 85
0230 85
0188 85
0017 85
8013 84
7117 84
6977 84
6761 84
6667 84
5880 84
5788 84
5522 84
5423 84
4989 84
4523 84
4422 84
4333 84
3721 84
3300 84
3134 84
3120 84
2806 84
2706 84
2607 84
2539 84
2531 84
2519 84
2416 84
2414 84
2378 84
2330 84
2272 84
2118 84
1915 84
1879 84
1860 84
1827 84
1824 84
1823 84
1814 84
1778 84
1727 84
1720 84
1632 84
1575 84
1569 84
1438 84
1386 84
1372 84
1335 84
1285 84
1276 84
1275 84
1268 84
1157 84
0351 84
0090 84
0033 84
0027 84
0006 84
9991 83
9877 83
9797 83
8509 83
8088 83
8011 83
7654 83
7123 83
5574 83
5533 83
5511 83
5420 83
4884 83
4477 83
3840 83
3699 83
3578 83
3534 83
3424 83
3101 83
3055 83
3009 83
2909 83
2905 83
2600 83
2569 83
2523 83
2480 83
2431 83
2429 83
2367 83
2355 83
2335 83
2319 83
2290 83
2280 83
2266 83
2237 83
2180 83
2145 83
2140 83
2050 83
1870 83
1832 83
1726 83
1606 83
1592 83
1550 83
1537 83
1534 83
1446 83
1365 83
1364 83
1348 83
1344 83
1336 83
1274 83
1273 83
1267 83
1265 83
1260 83
1251 83
1171 83
1163 83
1077 83
1072 83
1067 83
1055 83
0369 83
0189 83
0088 83
0015 83
9990 82
9899 82
9630 82
9595 82
9009 82
8765 82
8383 82
7887 82
7200 82
7100 82
6453 82
6357 82
6321 82
5200 82
4578 82
4474 82
4454 82
3790 82
3658 82
3410 82
3339 82
3254 82
3217 82
2714 82
2529 82
2515 82
2389 82
2219 82
2216 82
2187 82
2169 82
2141 82
2019 82
1774 82
1607 82
1533 82
1513 82
1388 82
1355 82
1338 82
1272 82
1190 82
1186 82
1179 82
1159 82
0878 82
0357 82
9112 81
9022 81
8808 81
8311 81
8246 81
8107 81
7999 81
7988 81
7879 81
7779 81
7773 81
7712 81
7643 81
7103 81
7001 81
6988 81
6677 81
6225 81
5912 81
5689 81
5421 81
5410 81
5254 81
5105 81
5104 81
4663 81
4588 81
4445 81
4441 81
4219 81
3570 81
3318 81
3201 81
3157 81
3130 81
3025 81
2809 81
2772 81
2701 81
2689 81
2625 81
2608 81
2605 81
2528 81
2516 81
2482 81
2477 81
2366 81
2340 81
2252 81
2220 81
2116 81
1535 81
1528 81
1447 81
1382 81
1339 81
1262 81
1184 81
1064 81
1038 81
0990 81
9413 80
8624 80
8575 80
8010 80
7997 80
7987 80
7865 80
7610 80
7301 80
7210 80
7077 80
7011 80
6125 80
5523 80
5333 80
5325 80
5253 80
5210 80
5153 80
4868 80
4415 80
4288 80
4231 80
4224 80
4150 80
4144 80
3316 80
3314 80
3270 80
3166 80
3114 80
2925 80
2912 80
2855 80
2777 80
2628 80
2601 80
2587 80
2488 80
2346 80
2328 80
2279 80
2269 80
2027 80
1931 80
1890 80
1875 80
1829 80
1825 80
1754 80
1739 80
1723 80
1690 80
1666 80
1634 80
1544 80
1538 80
1454 80
1370 80
1354 80
1353 80
1343 80
1283 80
1259 80
1142 80
1087 80
1083 80
1058 80
1056 80
1050 80
0879 80
0800 80
0584 80
0074 80
9001 79
8586 79
8108 79
7102 79
6540 79
5500 79
5211 79
4864 79
4620 79
4521 79
4121 79
3522 79
3443 79
3425 79
3277 79
2907 79
2436 79
2017 79
2016 79
1840 79
1830 79
1459 79
1374 79
1264 79
1074 79
1047 79
0064 79
0032 79
9998 78
9583 78
9494 78
9087 78
9012 78
8998 78
8889 78
8588 78
8504 78
8210 78
7869 78
7771 78
7744 78
7707 78
7179 78
6688 78
5882 78
5565 78
5556 78
5433 78
5263 78
5232 78
5010 78
5004 78
4656 78
4587 78
4546 78
4414 78
4332 78
4211 78
4007 78
3618 78
3569 78
3536 78
3521 78
3451 78
3357 78
3341 78
3337 78
3330 78
3326 78
3299 78
3203 78
3158 78
3104 78
3008 78
3002 78
2904 78
2882 78
2829 78
2805 78
2722 78
2541 78
2533 78
2521 78
2479 78
2433 78
2427 78
2420 78
2390 78
2343 78
2317 78
2286 78
2274 78
2240 78
2164 78
2148 78
2142 78
2127 78
2063 78
2028 78
1916 78
1889 78
1883 78
1850 78
1714 78
1678 78
1654 78
1627 78
1583 78
1519 78
1489 78
1468 78
1455 78
1419 78
1381 78
1368 78
1341 78
1181 78
1073 78
1063 78
1048 78
0777 78
0016 78
8877 77
8424 77
7911 77
7897 77
7882 77
7769 77
7700 77
7202 77
7111 77
6785 77
6665 77
6542 77
6000 77
5861 77
5625 77
5477 77
5417 77
5362 77
5251 77
5250 77
5155 77
4666 77
4589 77
4214 77
4213 77
4130 77
4125 77
3693 77
3637 77
3537 77
3367 77
3283 77
3220 77
3179 77
3142 77
2816 77
2807 77
2803 77
2613 77
2555 77
2448 77
2432 77
2421 77
2418 77
2320 77
2265 77
2227 77
2147 77
2129 77
2128 77
2099 77
1844 77
1815 77
1781 77
1729 77
1591 77
1568 77
1548 77
1543 77
1467 77
1426 77
1387 77
1371 77
1366 77
1296 77
1295 77
1176 77
1065 77
1053 77
0690 77
0333 77
0134 77
0075 77
9773 76
9512 76
8521 76
8511 76
7755 76
7458 76
7414 76
7277 76
6644 76
5763 76
5746 76
5575 76
5545 76
5246 76
5223 76
5168 76
5121 76
5070 76
5011 76
4785 76
4682 76
4543 76
4511 76
4420 76
4354 76
4122 76
4020 76
3553 76
3504 76
3500 76
3241 76
3126 76
3005 76
2906 76
2901 76
2881 76
2723 76
2624 76
2568 76
2534 76
2517 76
2385 76
2287 76
2263 76
1882 76
1790 76
1735 76
1724 76
1563 76
1361 76
1281 76
1270 76
1197 76
1189 76
1089 76
1071 76
1046 76
0880 76
0456 76
9942 75
9870 75
9513 75
8988 75
8525 75
8462 75
8425 75
8118 75
8001 75
7877 75
7766 75
7577 75
7511 75
7150 75
6869 75
6200 75
5846 75
5512 75
5503 75
5255 75
5152 75
5120 75
4790 75
4582 75
4466 75
4210 75
4112 75
4100 75
4077 75
3792 75
3663 75
3301 75
3287 75
3280 75
3206 75
3144 75
2846 75
2666 75
2602 75
2590 75
2563 75
2550 75
2524 75
2518 75
2481 75
2450 75
2419 75
2399 75
2377 75
2362 75
2354 75
2177 75
2018 75
1893 75
1835 75
1744 75
1733 75
1619 75
1593 75
1562 75
1536 75
1527 75
1490 75
1448 75
1394 75
1391 75
1390 75
1363 75
1170 75
1161 75
1158 75
1099 75
1068 75
1051 75
1043 75
0250 75
0229 75
0159 75
0019 75
9947 74
9933 74
9711 74
9393 74
8577 74
8310 74
7958 74
7733 74
7677 74
7304 74
7227 74
6900 74
6786 74
6655 74
6541 74
6288 74
5963 74
5844 74
5687 74
5486 74
5400 74
5321 74
5222 74
4647 74
4570 74
4532 74
4212 74
3811 74
3802 74
3733 74
3727 74
3436 74
3432 74
3356 74
3345 74
3336 74
3335 74
3309 74
3225 74
3198 74
3135 74
3118 74
3115 74
2987 74
2908 74
2819 74
2663 74
2620 74
2583 74
2582 74
2554 74
2545 74
2465 74
2391 74
2379 74
2285 74
2275 74
2251 74
2052 74
2033 74
1898 74
1869 74
1783 74
1684 74
1636 74
1484 74
1480 74
1463 74
1282 74
1094 74
1082 74
1076 74
1044 74
0691 74
0158 74
0089 74
0076 74
0041 74
9987 73
9889 73
9878 73
9225 73
9200 73
9014 73
8919 73
8900 73
8789 73
8649 73
8642 73
8472 73
8070 73
7898 73
7873 73
7704 73
7611 73
7491 73
7110 73
7101 73
6987 73
6661 73
6660 73
6544 73
6465 73
6112 73
5789 73
5621 73
5600 73
5404 73
5257 73
5213 73
5202 73
5160 73
5154 73
5005 73
4815 73
4653 73
4575 73
4533 73
4425 73
4424 73
3600 73
3542 73
3444 73
3363 73
3305 73
3278 73
3267 73
3222 73
3208 73
3168 73
3129 73
3119 73
3014 73
2930 73
2733 73
2585 73
2565 73
2546 73
2535 73
2530 73
2478 73
2474 73
2458 73
2351 73
2338 73
2298 73
2250 73
2170 73
2160 73
2157 73
2154 73
2067 73
1897 73
1886 73
1885 73
1880 73
1852 73
1770 73
1686 73
1680 73
1670 73
1669 73
1661 73
1637 73
1625 73
1615 73
1613 73
1564 73
1487 73
1165 73
1164 73
1160 73
1086 73
1078 73
1075 73
0789 73
0243 73
0145 73
0144 73
0049 73
0045 73
9966 72
9801 72
7576 72
7256 72
6653 72
6017 72
5673 72
5488 72
5375 72
5245 72
4789 72
4774 72
4448 72
4417 72
4402 72
4258 72
3711 72
3612 72
3426 72
3338 72
3258 72
3246 72
3237 72
3219 72
3209 72
3033 72
2813 72
2719 72
2700 72
2615 72
2614 72
2576 72
2548 72
2470 72
2460 72
2457 72
2329 72
2299 72
2278 72
2276 72
2138 72
2044 72
2029 72
1813 72
1614 72
1588 72
1586 72
1571 72
1553 72
1547 72
1485 72
1389 72
1271 72
1193 72
1183 72
1136 72
0982 72
0555 72
0142 72
9995 71
9979 71
9955 71
9713 71
9394 71
8951 71
8912 71
8910 71
8811 71
8779 71
8669 71
8264 71
8100 71
7891 71
7774 71
7717 71
7557 71
7475 71
6822 71
6783 71
6776 71
6769 71
6712 71
5885 71
5711 71
5628 71
5612 71
5585 71
5567 71
5554 71
5521 71
5458 71
5445 71
5310 71
5270 71
5177 71
5169 71
5111 71
5051 71
4866 71
4778 71
4586 71
4442 71
4412 71
4404 71
4400 71
4127 71
4010 71
3710 71
3654 71
3613 71
3541 71
3244 71
3169 71
3109 71
2935 71
2818 71
2800 71
2729 71
2688 71
2639 71
2621 71
2566 71
2536 71
2462 71
2451 71
2375 71
2368 71
2360 71
2347 71
2248 71
2246 71
2239 71
2238 71
2192 71
2188 71
2185 71
2031 71
1826 71
1787 71
1668 71
1663 71
1644 71
1631 71
1577 71
1574 71
1546 71
1474 71
1367 71
1362 71
1287 71
1261 71
1194 71
1146 71
1095 71
1081 71
1045 71
0140 71
0031 71
9977 70
9799 70
9669 70
9010 70
8875 70
8824 70
8312 70
8186 70
8180 70
7776 70
7722 70
7718 70
7579 70
7500 70
7211 70
7198 70
7023 70
6978 70
6886 70
6797 70
6525 70
6411 70
6210 70
6164 70
6123 70
5978 70
5966 70
5754 70
5693 70
5657 70
5564 70
5563 70
5551 70
5504 70
5464 70
5366 70
5280 70
5236 70
5020 70
4769 70
4655 70
4548 70
4539 70
4356 70
4243 70
4234 70
4202 70
4160 70
3981 70
3947 70
3824 70
3810 70
3556 70
3545 70
3528 70
3510 70
3478 70
3474 70
3455 70
3406 70
3288 70
3261 70
3240 70
3227 70
3164 70
3128 70
2789 70
2702 70
2667 70
2653 70
2532 70
2475 70
2452 70
2443 70
2350 70
2348 70
2284 70
2282 70
2262 70
2199 70
2156 70
2155 70
2137 70
2085 70
2055 70
2047 70
2032 70
1740 70
1587 70
1573 70
1560 70
1481 70
1461 70
1398 70
1054 70
1034 70
0985 70
0577 70
0550 70
0431 70
0345 70
0200 70
0157 70
9875 69
8800 69
8788 69
8650 69
8512 69
8461 69
8421 69
6895 69
6685 69
6325 69
5967 69
5946 69
5825 69
5645 69
5546 69
5510 69
5411 69
5308 69
5124 69
4812 69
4484 69
4325 69
4313 69
4311 69
4225 69
4221 69
4126 69
4021 69
3849 69
3666 69
3652 69
3625 69
3615 69
3543 69
3423 69
3415 69
3414 69
3242 69
3184 69
3159 69
3155 69
3102 69
3031 69
3020 69
2715 69
2652 69
2578 69
2570 69
2461 69
2454 69
2256 69
2034 69
1834 69
1648 69
1585 69
1291 69
0479 69
0166 69
9996 68
9813 68
9312 68
9123 68
9117 68
9023 68
8884 68
8350 68
8018 68
7980 68
7904 68
7902 68
7867 68
7861 68
7765 68
7757 68
7714 68
7644 68
7612 68
7604 68
7448 68
7447 68
7004 68
7002 68
6968 68
6874 68
6778 68
6636 68
6461 68
6111 68
5969 68
5960 68
5957 68
5808 68
5599 68
5535 68
5528 68
5513 68
5478 68
5466 68
5463 68
5355 68
5330 68
5315 68
5230 68
5117 68
5024 68
4869 68
4649 68
4601 68
4550 68
4544 68
3918 68
3911 68
3818 68
3791 68
3692 68
3639 68
3533 68
3513 68
3467 68
3445 68
3430 68
3422 68
3343 68
3328 68
3327 68
3306 68
3294 68
3281 68
3204 68
3116 68
3090 68
3024 68
3015 68
2999 68
2868 68
2815 68
2779 68
2767 68
2718 68
2686 68
2669 68
2668 68
2665 68
2586 68
2547 68
2439 68
2353 68
2268 68
2254 68
2253 68
2181 68
2165 68
2153 68
2149 68
2060 68
1884 68
1874 68
1864 68
1845 68
1817 68
1816 68
1785 68
1773 68
1736 68
1715 68
1643 68
1594 68
1566 68
1554 68
1482 68
1091 68
1084 68
0153 68
0066 68
0042 68
9871 67
9731 67
9100 67
8901 67
8890 67
8502 67
8489 67
8318 67
8272 67
8252 67
8207 67
8153 67
8126 67
8111 67
8081 67
8007 67
7912 67
7860 67
7678 67
7667 67
7456 67
7421 67
7377 67
7188 67
7177 67
7172 67
6768 67
6611 67
6566 67
6455 67
6211 67
6110 67
6109 67
5809 67
5758 67
5715 67
5713 67
5698 67
5586 67
5335 67
5312 67
5306 67
5248 67
5242 67
5193 67
5133 67
5116 67
4800 67
4710 67
4516 67
4381 67
4365 67
4256 67
4255 67
4245 67
4235 67
4124 67
4110 67
4041 67
4012 67
3914 67
3672 67
3611 67
3547 67
3486 67
3476 67
3386 67
3380 67
3379 67
3373 67
3317 67
3286 67
3259 67
3255 67
3218 67
3145 67
3017 67
2902 67
2888 67
2864 67
2839 67
2823 67
2820 67
2814 67
2577 67
2485 67
2444 67
2374 67
2349 67
2146 67
2090 67
2088 67
1871 67
1848 67
1745 67
1734 67
1716 67
1691 67
1682 67
1679 67
1677 67
1675 67
1674 67
1638 67
1635 67
1629 67
1572 67
1565 67
1383 67
1360 67
1293 67
1292 67
1195 67
0988 67
0980 67
0972 67
0933 67
0778 67
0192 67
0138 67
0137 67
0073 67
9909 66
9091 66
9080 66
9011 66
9006 66
8812 66
8810 66
8711 66
8675 66
8384 66
8184 66
8158 66
8133 66
8112 66
8104 66
8002 66
7982 66
7909 66
7824 66
7721 66
7602 66
7512 66
7478 66
7418 66
7374 66
7326 66
7321 66
7245 66
7189 66
7151 66
7022 66
6970 66
6664 66
6656 66
6556 66
6554 66
6511 66
6486 66
6310 66
6275 66
6254 66
5879 66
5869 66
5841 66
5777 66
5735 66
5578 66
5514 66
5465 66
5451 66
5415 66
5304 66
5291 66
5268 66
5262 66
5110 66
5100 66
4855 66
4657 66
4611 66
4540 66
4228 66
4223 66
4128 66
4113 66
4044 66
4024 66
3900 66
3823 66
3707 66
3614 66
3585 66
3524 66
3453 66
3420 66
3243 66
3161 66
2972 66
2900 66
2837 66
2834 66
2833 66
2817 66
2755 66
2721 66
2713 66
2623 66
2617 66
2567 66
2551 66
2543 66
2483 66
2380 66
2247 66
2174 66
2139 66
2065 66
2064 66
1862 66
1861 66
1841 66
1786 66
1760 66
1750 66
1731 66
1692 66
1647 66
1641 66
1584 66
1561 66
1460 66
1445 66
1384 66
1096 66
1085 66
0978 66
0770 66
0343 66
0191 66
0179 66
0168 66
0060 66
0055 66
0044 66
0028 66
0026 66
9856 65
9677 65
9008 65
8977 65
8864 65
8850 65
8848 65
8778 65
8612 65
8589 65
8523 65
8055 65
7989 65
7770 65
6775 65
6713 65
6633 65
6449 65
6366 65
6316 65
5557 65
5548 65
5494 65
5377 65
5256 65
5235 65
5234 65
5102 65
5021 65
4901 65
4722 65
4460 65
4344 65
4334 65
4322 65
4320 65
4206 65
4133 65
4017 65
3624 65
3546 65
3462 65
3400 65
3358 65
3302 65
3279 65
3265 65
3207 65
3106 65
2916 65
2825 65
2720 65
2717 65
2657 65
2635 65
2489 65
2472 65
2453 65
2179 65
2168 65
2161 65
2056 65
2049 65
1838 65
1687 65
1633 65
1395 65
1376 65
1196 65
0588 65
0442 65
0082 65
9865 64
9821 64
9779 64
9485 64
9339 64
8991 64
8500 64
8487 64
8203 64
8012 64
7959 64
7931 64
7892 64
7880 64
7866 64
7852 64
7845 64
7829 64
7811 64
7603 64
7532 64
7510 64
7332 64
7095 64
7021 64
6971 64
6912 64
6911 64
6687 64
6676 64
6668 64
6663 64
6654 64
6425 64
6364 64
6353 64
6006 64
5791 64
5655 64
5633 64
5624 64
5603 64
5543 64
5311 64
5284 64
5282 64
5156 64
5060 64
5052 64
5032 64
4967 64
4879 64
4817 64
4775 64
4742 64
4680 64
4648 64
4547 64
4535 64
4513 64
4501 64
4469 64
4432 64
4418 64
4410 64
4157 64
4115 64
4042 64
4033 64
4022 64
3841 64
3777 64
3525 64
3519 64
3457 64
3442 64
3340 64
3298 64
3253 64
3247 64
3202 64
3199 64
3150 64
3040 64
2873 64
2725 64
2677 64
2648 64
2561 64
2542 64
2473 64
2447 64
2437 64
2388 64
2364 64
2294 64
2281 64
2178 64
2162 64
2057 64
2048 64
2035 64
1865 64
1784 64
1780 64
1747 64
1689 64
1671 64
1642 64
1473 64
1396 64
1060 64
1049 64
0989 64
0485 64
0346 64
0235 64
0092 64
0068 64
0063 64
0035 64
0029 64
9969 63
9916 63
9812 63
9392 63
9311 63
9201 63
8891 63
8822 63
8814 63
8759 63
8668 63
8572 63
8513 63
8477 63
8301 63
8258 63
8234 63
8218 63
8123 63
8113 63
8089 63
7981 63
7876 63
7782 63
7780 63
7775 63
7726 63
7486 63
7476 63
7400 63
7337 63
7310 63
7306 63
7300 63
7260 63
7112 63
6989 63
6697 63
6662 63
6592 63
6545 63
6500 63
6412 63
6399 63
6369 63
5800 63
5775 63
5676 63
5669 63
5610 63
5602 63
5579 63
5576 63
5462 63
5438 63
5431 63
5418 63
5241 63
5231 63
5204 63
5103 63
5055 63
5028 63
4867 63
4628 63
4551 63
4446 63
4440 63
4329 63
4310 63
4215 63
4102 63
4050 63
3945 63
3750 63
3622 63
3590 63
3520 63
3427 63
3402 63
3352 63
3342 63
3291 63
3282 63
3264 63
3251 63
3182 63
3180 63
3127 63
3035 63
3032 63
3022 63
2856 63
2827 63
2773 63
2750 63
2636 63
2487 63
2484 63
2297 63
2175 63
2163 63
2093 63
2070 63
1873 63
1833 63
1772 63
1743 63
1683 63
1529 63
1465 63
1059 63
0864 63
0282 63
0199 63
0087 63
9919 62
9888 62
9753 62
9511 62
9125 62
8892 62
8809 62
8721 62
8211 62
8119 62
7812 62
7807 62
7758 62
7756 62
7605 62
7466 62
7250 62
7089 62
6954 62
6842 62
6300 62
6266 62
6249 62
6245 62
6155 62
5781 62
5768 62
5712 62
5667 62
5635 62
5595 62
5562 62
5558 62
5440 62
5386 62
5337 62
5217 62
5165 62
5126 62
4932 62
4664 62
4323 62
4279 62
4152 62
4013 62
3925 62
3821 62
3814 62
3628 62
3594 62
3554 62
3516 62
3501 62
3429 62
3419 62
3205 62
3162 62
3089 62
3042 62
2920 62
2824 62
2679 62
2664 62
2658 62
2647 62
2631 62
2438 62
2359 62
2273 62
2264 62
2077 62
1878 62
1872 62
1863 62
1855 62
1842 62
1685 62
1462 62
0684 62
0663 62
9912 61
8925 61
8869 61
8855 61
8798 61
8688 61
8510 61
8456 61
8228 61
8179 61
8082 61
8004 61
7920 61
7786 61
7759 61
7725 61
7600 61
7580 61
7415 61
7274 61
7273 61
7142 61
7116 61
7068 61
7018 61
6999 61
6890 61
6622 61
6610 61
6279 61
6264 61
6165 61
6160 61
6154 61
5940 61
5878 61
5859 61
5852 61
5632 61
5560 61
5553 61
5517 61
5507 61
5461 61
5419 61
5413 61
5356 61
5348 61
5220 61
5162 61
5144 61
5132 61
5025 61
5022 61
4861 61
4825 61
4811 61
4777 61
4728 61
4619 61
4613 61
4612 61
4591 61
4590 61
4536 61
4526 61
4450 61
4386 61
4277 61
4248 61
4205 61
4176 61
4168 61
4151 61
4120 61
4055 61
4027 61
4015 61
3883 61
3817 61
3645 61
3610 61
3588 61
3587 61
3580 61
3575 61
3526 61
3518 61
3454 61
3450 61
3437 61
3428 61
3416 61
3408 61
3378 61
3349 61
3308 61
3226 61
3163 61
3140 61
2922 61
2917 61
2830 61
2821 61
2787 61
2650 61
2584 61
2572 61
2564 61
2560 61
2497 61
2491 61
2463 61
2459 61
2395 61
2387 61
2386 61
2370 61
2352 61
2291 61
2289 61
2166 61
1896 61
1849 61
1837 61
1769 61
1742 61
1657 61
1649 61
1556 61
1464 61
1093 61
1062 61
0977 61
0385 61
0300 61
0248 61
0234 61
9800 60
9788 60
9633 60
9594 60
9099 60
9098 60
9007 60
8878 60
8700 60
8687 60
8678 60
8486 60
8432 60
8221 60
8188 60
8101 60
7673 60
7664 60
7252 60
7080 60
7010 60
6984 60
6963 60
6801 60
6711 60
6686 60
6678 60
6675 60
6570 60
6569 60
6559 60
6548 60
6546 60
6512 60
6469 60
6463 60
6462 60
6421 60
6420 60
6372 60
6289 60
6280 60
6251 60
6120 60
6100 60
6069 60
6036 60
5812 60
5790 60
5696 60
5660 60
5639 60
5587 60
5569 60
5552 60
5520 60
5441 60
5408 60
5346 60
5331 60
5288 60
5276 60
5269 60
5214 60
5201 60
5188 60
5180 60
5157 60
5141 60
5130 60
5014 60
5007 60
5002 60
4911 60
4878 60
4850 60
4791 60
4748 60
4725 60
4720 60
4662 60
4577 60
4552 60
4549 60
4504 60
4497 60
4487 60
4483 60
4423 60
4383 60
4372 60
4331 60
4316 60
4251 60
4179 60
4171 60
4109 60
4078 60
3971 60
3894 60
3879 60
3715 60
3646 60
3571 60
3565 60
3551 60
3544 60
3505 60
3472 60
3440 60
3431 60
3407 60
3404 60
3375 60
3365 60
3170 60
2988 60
2934 60
2921 60
2886 60
2885 60
2831 60
2822 60
2791 60
2737 60
2661 60
2629 60
2616 60
2599 60
2571 60
2540 60
2490 60
2283 60
2196 60
2186 60
2182 60
2159 60
2151 60
2069 60
1894 60
1891 60
1856 60
1853 60
1767 60
1645 60
1630 60
1497 60
1449 60
1392 60
1294 60
0944 60
0741 60
0344 60
0287 60
0231 60
0132 60
0048 60
9975 59
9951 59
9789 59
9610 59
9500 59
9074 59
9002 59
8880 59
8723 59
8648 59
8448 59
8412 59
8121 59
7978 59
7800 59
7767 59
7747 59
7727 59
7713 59
7701 59
7533 59
7530 59
7473 59
7417 59
7387 59
7313 59
7214 59
7190 59
7137 59
7017 59
6976 59
6972 59
6608 59
6488 59
6466 59
6424 59
6336 59
6226 59
6223 59
6206 59
6122 59
6001 59
5811 59
5765 59
5747 59
5472 59
5426 59
5351 59
5300 59
5191 59
5164 59
5125 59
5089 59
5017 59
4994 59
4849 59
4684 59
4652 59
4624 59
4355 59
4328 59
4222 59
4119 59
3942 59
3850 59
3839 59
3798 59
3742 59
3713 59
3635 59
3555 59
3539 59
3514 59
3461 59
3368 59
3319 59
3230 59
3156 59
3136 59
2866 59
2759 59
2736 59
2726 59
2716 59
2645 59
2630 59
2581 59
2562 59
2495 59
2373 59
2363 59
2259 59
2184 59
2171 59
2084 59
1799 59
1640 59
1558 59
1539 59
1483 59
0889 59
0734 59
0500 59
0233 59
0180 59
9901 58
9879 58
9852 58
9815 58
9811 58
9787 58
9665 58
9606 58
9555 58
9498 58
9333 58
9300 58
9190 58
8972 58
8967 58
8920 58
8893 58
8831 58
8823 58
8584 58
8544 58
8530 58
8485 58
8471 58
8468 58
8455 58
8288 58
8287 58
8201 58
8190 58
7946 58
7901 58
7888 58
7854 58
7797 58
7710 58
7666 58
7633 58
7509 58
7409 58
7403 58
7401 58
7388 58
7311 58
7285 58
7201 58
7162 58
7050 58
6920 58
6871 58
6844 58
6784 58
6782 58
6756 58
6553 58
6519 58
6441 58
6368 58
6261 58
6126 58
6101 58
6099 58
6061 58
6023 58
5898 58
5847 58
5840 58
5759 58
5634 58
5629 58
5598 58
5590 58
5584 58
5559 58
5501 58
5475 58
5468 58
5467 58
5444 58
5342 58
5259 58
5216 58
5171 58
5108 58
5019 58
4979 58
4852 58
4788 58
4678 58
4632 58
4615 58
4580 58
4571 58
4510 58
4489 58
4471 58
4451 58
4434 58
4413 58
4314 58
4274 58
4269 58
4250 58
4220 58
4218 58
4216 58
4169 58
3944 58
3773 58
3719 58
3703 58
3696 58
3667 58
3568 58
3509 58
3488 58
3469 58
3460 58
3458 58
3413 58
3372 58
3370 58
3360 58
3350 58
3249 58
3238 58
3152 58
3147 58
3143 58
3137 58
3080 58
3070 58
3068 58
3060 58
3023 58
3018 58
2969 58
2956 58
2950 58
2892 58
2875 58
2799 58
2790 58
2781 58
2766 58
2747 58
2730 58
2646 58
2644 58
2642 58
2634 58
2618 58
2558 58
2445 58
2440 58
2398 58
2384 58
2295 58
2292 58
2190 58
2189 58
2167 58
1676 58
1659 58
1582 58
1498 58
1393 58
1061 58
0890 58
0571 58
0535 58
0532 58
0337 58
0288 58
0256 58
0156 58
0081 58
9910 57
9808 57
9744 57
9698 57
9551 57
9515 57
9497 57
9263 57
9198 57
9021 57
9020 57
8969 57
8922 57
8897 57
8887 57
8881 57
8879 57
8866 57
8852 57
8828 57
8749 57
8625 57
8611 57
8558 57
8531 57
8514 57
8406 57
8371 57
8352 57
8283 57
8244 57
8216 57
8090 57
8016 57
7921 57
7910 57
7741 57
7709 57
7607 57
7585 57
7535 57
7376 57
7302 57
7283 57
7235 57
7221 57
7120 57
7114 57
6914 57
6878 57
6788 57
6730 57
6694 57
6671 57
6658 57
6638 57
6623 57
6600 57
6258 57
6250 57
6224 57
5988 57
5895 57
5891 57
5787 57
5769 57
5702 57
5682 57
5679 57
5675 57
5666 57
5644 57
5641 57
5622 57
5606 57
5593 57
5591 57
5515 57
5481 57
5435 57
5416 57
5358 57
5347 57
5324 57
5320 57
5277 57
5271 57
5240 57
5226 57
5224 57
5140 57
5107 57
5101 57
5088 57
5033 57
5012 57
4972 57
4950 57
4936 57
4712 57
4679 57
4585 57
4525 57
4517 57
4485 57
4472 57
4470 57
4452 57
4371 57
4295 57
4278 57
4227 57
4226 57
4204 57
4185 57
4161 57
4156 57
4132 57
4101 57
4045 57
3993 57
3960 57
3891 57
3822 57
3816 57
3738 57
3718 57
3695 57
3638 57
3459 57
3441 57
3439 57
3409 57
3359 57
3307 57
3272 57
3257 57
3239 57
3190 57
3028 57
3027 57
2928 57
2913 57
2853 57
2850 57
2784 57
2752 57
2731 57
2685 57
2632 57
2544 57
2361 57
2267 57
2260 57
2197 57
2195 57
2193 57
2066 57
1831 57
1792 57
1755 57
1681 57
0942 57
0700 57
0689 57
0455 57
0257 57
0249 57
0177 57
0175 57
0154 57
0141 57
0094 57
0038 57
0034 57
9897 56
9864 56
9822 56
9566 56
9545 56
9399 56
9290 56
9069 56
9015 56
8990 56
8911 56
8846 56
8791 56
8790 56
8702 56
8542 56
8524 56
8515 56
8410 56
8409 56
8404 56
8401 56
8385 56
8347 56
8284 56
8250 56
8240 56
8219 56
8202 56
8182 56
8134 56
8127 56
8109 56
7977 56
7971 56
7964 56
7952 56
7849 56
7802 56
7724 56
7625 56
7606 56
7501 56
7479 56
7391 56
7333 56
7173 56
7130 56
7020 56
6966 56
6866 56
6819 56
6680 56
6679 56
6626 56
6601 56
6574 56
6535 56
6532 56
6481 56
6400 56
6248 56
6234 56
6231 56
6163 56
6157 56
6145 56
6116 56
6066 56
6064 56
5771 56
5752 56
5714 56
5686 56
5668 56
5664 56
5647 56
5643 56
5620 56
5589 56
5536 56
5326 56
5318 56
5292 56
5279 56
5272 56
5258 56
5239 56
5229 56
5090 56
5080 56
4991 56
4959 56
4853 56
4823 56
4820 56
4731 56
4701 56
4685 56
4660 56
4579 56
4541 56
4534 56
4522 56
4515 56
4449 56
4351 56
4341 56
4337 56
4315 56
4184 56
4143 56
4002 56
3877 56
3789 56
3739 56
3686 56
3679 56
3665 56
3649 56
3641 56
3640 56
3631 56
3626 56
3517 56
3508 56
3465 56
3401 56
3371 56
3276 56
3228 56
3187 56
3050 56
3041 56
2986 56
2940 56
2939 56
2919 56
2877 56
2876 56
2869 56
2795 56
2794 56
2778 56
2762 56
2754 56
2740 56
2691 56
2687 56
2676 56
2674 56
2659 56
2654 56
2573 56
2557 56
2537 56
2371 56
2158 56
2095 56
2092 56
2054 56
1895 56
1866 56
1854 56
1768 56
1759 56
1696 56
1662 56
1650 56
1097 56
0969 56
0892 56
0652 56
0387 56
0269 56
0245 56
0172 56
0135 56
0133 56
0030 56
9980 55
9872 55
9807 55
9519 55
9411 55
9140 55
9116 55
8833 55
8819 55
8818 55
8740 55
8712 55
8710 55
8587 55
8505 55
8279 55
7991 55
7907 55
7874 55
7864 55
7716 55
7703 55
7656 55
7655 55
7621 55
7574 55
7551 55
7413 55
7378 55
7090 55
7071 55
7012 55
6888 55
6810 55
6795 55
6755 55
6747 55
6696 55
6682 55
6547 55
6502 55
6407 55
6367 55
6276 55
6115 55
6012 55
5989 55
5985 55
5950 55
5911 55
5894 55
5866 55
5857 55
5748 55
5652 55
5580 55
5572 55
5568 55
5534 55
5487 55
5434 55
5414 55
5363 55
5293 55
5285 55
5227 55
5205 55
5174 55
5114 55
5077 55
5064 55
4808 55
4794 55
4694 55
4688 55
4610 55
4537 55
4439 55
4419 55
4324 55
4300 55
4236 55
4208 55
4180 55
4155 55
4154 55
4035 55
4029 55
3833 55
3801 55
3714 55
3632 55
3566 55
3489 55
3475 55
3347 55
3188 55
2992 55
2985 55
2979 55
2957 55
2955 55
2898 55
2788 55
2783 55
2678 55
2656 55
2595 55
2498 55
2249 55
1782 55
1763 55
1581 55
1439 55
0997 55
0945 55
0655 55
0484 55
0356 55
0352 55
0196 55
0148 55
0093 55
9976 54
9964 54
9939 54
9923 54
9890 54
9887 54
9764 54
9725 54
9631 54
9619 54
9423 54
9211 54
9182 54
9052 54
8993 54
8976 54
8821 54
8756 54
8701 54
8596 54
8501 54
8304 54
8125 54
8110 54
8020 54
7965 54
7908 54
7821 54
7805 54
7772 54
7590 54
7471 54
7427 54
7406 54
7383 54
7305 54
7276 54
7003 54
6787 54
6777 54
6624 54
6513 54
6485 54
6476 54
6468 54
6431 54
6355 54
6255 54
6220 54
6162 54
5995 54
5906 54
5899 54
5824 54
5819 54
5804 54
5700 54
5626 54
5542 54
5485 54
5457 54
5446 54
5390 54
5344 54
5203 54
5082 54
5074 54
5041 54
5027 54
5015 54
4951 54
4891 54
4888 54
4721 54
4714 54
4713 54
4689 54
4598 54
4542 54
4506 54
4482 54
4468 54
4464 54
4453 54
4443 54
4409 54
4247 54
4240 54
4233 54
4118 54
4028 54
3940 54
3845 54
3787 54
3697 54
3681 54
3680 54
3662 54
3650 54
3648 54
3623 54
3621 54
3572 54
3564 54
3560 54
3552 54
3538 54
3417 54
3354 54
3351 54
3269 54
3197 54
3066 54
2975 54
2878 54
2842 54
2841 54
2840 54
2744 54
2724 54
2680 54
2637 54
2556 54
2538 54
2499 54
2476 54
2449 54
2376 54
2339 54
2296 54
2198 54
2082 54
2068 54
1867 54
1851 54
1765 54
1655 54
1491 54
1373 54
0931 54
0783 54
0441 54
0349 54
0270 54
0241 54
0169 54
0165 54
0150 54
0036 54
9982 53
9978 53
9922 53
9868 53
9851 53
9820 53
9809 53
9786 53
9653 53
9636 53
9605 53
9565 53
9544 53
9541 53
9507 53
9306 53
9173 53
8974 53
8963 53
8946 53
8844 53
8715 53
8569 53
8541 53
8488 53
8480 53
8475 53
8451 53
8366 53
8289 53
8277 53
8183 53
8077 53
8014 53
8003 53
7883 53
7858 53
7818 53
7810 53
7796 53
7783 53
7751 53
7745 53
7737 53
7719 53
7689 53
7578 53
7525 53
7454 53
7375 53
7312 53
7288 53
7262 53
7175 53
7140 53
7113 53
7104 53
7093 53
7033 53
7005 53
6955 53
6913 53
6877 53
6876 53
6765 53
6647 53
6602 53
6530 53
6521 53
6456 53
6428 53
6312 53
6265 53
6222 53
6214 53
6040 53
6008 53
6007 53
5983 53
5896 53
5887 53
5874 53
5864 53
5821 53
5820 53
5776 53
5755 53
5697 53
5688 53
5661 53
5651 53
5648 53
5630 53
5616 53
5526 53
5505 53
5476 53
5471 53
5459 53
5452 53
5439 53
5407 53
5401 53
5352 53
5322 53
5283 53
5244 53
5218 53
5143 53
5142 53
5138 53
5113 53
5091 53
4982 53
4957 53
4923 53
4887 53
4832 53
4826 53
4813 53
4792 53
4757 53
4750 53
4584 53
4531 53
4527 53
4518 53
4514 53
4480 53
4475 53
4465 53
4458 53
4426 53
4405 53
4352 53
4301 53
4285 53
4252 53
4209 53
4207 53
4177 53
4117 53
4116 53
3978 53
3938 53
3887 53
3875 53
3843 53
3832 53
3831 53
3827 53
3712 53
3701 53
3670 53
3644 53
3630 53
3567 53
3502 53
3471 53
3393 53
3391 53
3260 53
3167 53
3154 53
3149 53
3087 53
3056 53
2974 53
2891 53
2880 53
2879 53
2871 53
2670 53
2591 53
2471 53
2446 53
2382 53
2271 53
2172 53
2089 53
2058 53
1857 53
1839 53
1756 53
1753 53
1741 53
1667 53
1651 53
0932 53
0786 53
0775 53
0358 53
0246 53
0240 53
0162 53
0091 53
0056 53
9986 52
9984 52
9944 52
9896 52
9718 52
9600 52
9527 52
9345 52
9293 52
9106 52
8958 52
8923 52
8805 52
8684 52
8582 52
8576 52
8516 52
8464 52
8389 52
8381 52
8348 52
8338 52
8314 52
8285 52
8251 52
8212 52
7956 52
7862 52
7648 52
7622 52
7566 52
7517 52
7504 52
7266 52
7265 52
7157 52
7152 52
7139 52
7129 52
7121 52
6980 52
6974 52
6967 52
6673 52
6290 52
6277 52
6272 52
6166 52
6150 52
6033 52
6021 52
6015 52
6011 52
5986 52
5977 52
5786 52
5733 52
5681 52
5357 52
5266 52
5264 52
5228 52
5040 52
4987 52
4909 52
4900 52
4863 52
4595 52
4519 52
4266 52
4159 52
4135 52
4062 52
4023 52
3890 52
3884 52
3837 52
3819 52
3812 52
3763 52
3700 52
3591 52
3559 52
3531 52
3479 52
3364 52
3329 52
3185 52
3177 52
3175 52
3139 52
2980 52
2890 52
2887 52
2641 52
2038 52
1697 52
1493 52
0976 52
0970 52
0957 52
0844 52
0364 52
0347 52
0274 52
0255 52
0097 52
9992 51
9914 51
9791 51
9777 51
9709 51
9663 51
9659 51
9518 51
9505 51
9449 51
9355 51
9298 51
9192 51
9188 51
9114 51
8987 51
8968 51
8907 51
8876 51
8874 51
8865 51
8689 51
8595 51
8565 51
8555 51
8494 51
8427 51
8414 51
8351 51
8260 51
8205 51
8204 51
8200 51
8192 51
8189 51
8176 51
8157 51
8084 51
8029 51
8025 51
7679 51
7640 51
7601 51
7488 51
7480 51
7444 51
7425 51
7367 51
7275 51
7185 51
7176 51
7174 51
7024 51
6981 51
6946 51
6909 51
6867 51
6758 51
6710 51
6689 51
6681 51
6567 51
6533 51
6523 51
6446 51
6326 51
6311 51
6256 51
6102 51
6029 51
5970 51
5955 51
5913 51
5860 51
5850 51
5843 51
5842 51
5810 51
5761 51
5710 51
5658 51
5618 51
5611 51
5570 51
5561 51
5541 51
5531 51
5524 51
5506 51
5491 51
5474 51
5460 51
5384 51
5247 51
5243 51
5189 51
5172 51
5147 51
5135 51
5122 51
5042 51
5018 51
5003 51
4973 51
4858 51
4851 51
4847 51
4844 51
4787 51
4784 51
4557 51
4457 51
4342 51
4286 51
4272 51
4145 51
4108 51
4026 51
3912 51
3728 51
3685 51
3684 51
3678 51
3647 51
3605 51
3557 51
3523 51
3507 51
3468 51
3438 51
3397 51
3383 51
3376 51
3044 51
3034 51
3016 51
2931 51
2927 51
2883 51
2836 51
2835 51
2775 51
2771 51
2757 51
2748 51
2690 51
2643 51
2496 51
2183 51
2176 51
2173 51
2152 51
2091 51
2086 51
2061 51
2039 51
1858 51
1798 51
1797 51
1764 51
1761 51
1737 51
1673 51
1653 51
1576 51
1039 51
0865 51
0341 51
0338 51
0247 51
9993 50
9968 50
9891 50
9847 50
9845 50
9842 50
9756 50
9598 50
9582 50
9561 50
9448 50
9414 50
9363 50
9295 50
9210 50
9017 50
8997 50
8843 50
8841 50
8706 50
8629 50
8590 50
8491 50
8420 50
8220 50
8056 50
8005 50
7976 50
7903 50
7823 50
7705 50
7687 50
7669 50
7665 50
7598 50
7565 50
7559 50
7470 50
7467 50
7465 50
7327 50
7319 50
7318 50
7244 50
7219 50
7144 50
7127 50
7042 50
6891 50
6707 50
6700 50
6537 50
6413 50
6410 50
6404 50
6350 50
6341 50
6283 50
6235 50
6232 50
6227 50
6191 50
6179 50
6133 50
6068 50
6031 50
6022 50
6010 50
5999 50
5953 50
5931 50
5877 50
5876 50
5832 50
5827 50
5770 50
5581 50
5550 50
5484 50
5469 50
5392 50
5378 50
5317 50
5314 50
5307 50
5298 50
5289 50
5261 50
5215 50
5158 50
5149 50
5118 50
5053 50
5044 50
5023 50
4886 50
4874 50
4859 50
4729 50
4659 50
4631 50
4576 50
4502 50
4462 50
4403 50
4401 50
4382 50
4345 50
4262 50
4260 50
4253 50
4129 50
4080 50
4019 50
4005 50
3931 50
3888 50
3834 50
3813 50
3807 50
3786 50
3732 50
3688 50
3642 50
3627 50
3606 50
3485 50
3480 50
3463 50
3362 50
3284 50
3271 50
3248 50
2990 50
2981 50
2977 50
2933 50
2932 50
2832 50
2826 50
2792 50
2785 50
2758 50
2698 50
2694 50
2270 50
2071 50
1557 50
1549 50
1499 50
0981 50
0898 50
0854 50
0774 50
0747 50
0567 50
0482 50
0477 50
0450 50
0386 50
0354 50
0272 50
0238 50
0232 50
0167 50
0155 50
0149 50
0085 50
0061 50
0052 50
9934 49
9927 49
9908 49
9849 49
9721 49
9575 49
9514 49
9501 49
9327 49
9288 49
9239 49
9193 49
9118 49
8908 49
8885 49
8870 49
8813 49
8801 49
8567 49
8545 49
8482 49
8391 49
8388 49
8324 49
8281 49
8275 49
8191 49
8124 49
8105 49
8087 49
8073 49
7926 49
7785 49
7742 49
7702 49
7595 49
7545 49
7497 49
7472 49
7445 49
7329 49
7303 49
7298 49
7155 49
7147 49
7131 49
7128 49
6979 49
6781 49
6740 49
6575 49
6452 49
6406 49
6389 49
6362 49
6351 49
6285 49
6244 49
6213 49
6212 49
5908 49
5904 49
5833 49
5823 49
5785 49
5764 49
5723 49
5663 49
5614 49
5516 49
5453 49
5437 49
5422 49
5391 49
5345 49
5038 49
5030 49
4977 49
4941 49
4876 49
4798 49
4733 49
4617 49
4597 49
4499 49
4406 49
4265 49
4196 49
4190 49
4178 49
4172 49
4060 49
4051 49
4030 49
3935 49
3901 49
3855 49
3785 49
3724 49
3722 49
3643 49
3608 49
3576 49
3493 49
3490 49
3466 49
3464 49
3361 49
3348 49
3285 49
3268 49
3262 49
3183 49
3075 49
2861 49
2780 49
2774 49
2381 49
2261 49
2097 49
2079 49
2078 49
2074 49
1748 49
1695 49
0937 49
0779 49
0744 49
0678 49
0660 49
0534 49
0371 49
0279 49
0182 49
0062 49
0053 49
9957 48
9937 48
9925 48
9920 48
9915 48
9818 48
9738 48
9623 48
9533 48
9524 48
9296 48
9218 48
9170 48
9067 48
9004 48
8999 48
8986 48
8985 48
8981 48
8949 48
8777 48
8774 48
8754 48
8750 48
8690 48
8622 48
8566 48
8562 48
8552 48
8382 48
8332 48
8302 48
8242 48
8227 48
8213 48
8086 48
8024 48
8017 48
7928 48
7808 48
7731 48
7723 48
7720 48
7715 48
7708 48
7691 48
7613 48
7608 48
7573 48
7558 48
7543 48
7524 48
7515 48
7455 48
7404 48
7389 48
7355 48
7239 48
7226 48
7207 48
7183 48
7138 48
7115 48
7013 48
6985 48
6918 48
6901 48
6885 48
6870 48
6845 48
6800 48
6772 48
6752 48
6705 48
6698 48
6690 48
6670 48
6645 48
6557 48
6518 48
6480 48
6397 48
6361 48
6333 48
6318 48
6313 48
6269 48
6128 48
6119 48
6062 48
5962 48
5937 48
5901 48
5868 48
5709 48
5671 48
5613 48
5592 48
5571 48
5502 48
5489 48
5428 48
5397 48
5360 48
5323 48
5301 48
5295 48
5275 48
5237 48
5199 48
5184 48
5087 48
5045 48
5031 48
5008 48
4913 48
4880 48
4856 48
4854 48
4807 48
4806 48
4771 48
4765 48
4759 48
4745 48
4690 48
4671 48
4669 48
4645 48
4530 48
4524 48
4507 48
4467 48
4459 48
4378 48
4357 48
4292 48
4284 48
4263 48
4229 48
4170 48
4131 48
4105 48
3999 48
3933 48
3846 48
3842 48
3826 48
3815 48
3747 48
3730 48
3726 48
3653 48
3633 48
3629 48
3619 48
3616 48
3581 48
3550 48
3548 48
3446 48
3405 48
3398 48
3385 48
3384 48
3191 48
3186 48
3171 48
3146 48
3098 48
3088 48
3036 48
2996 48
2941 48
2884 48
2858 48
2852 48
2838 48
2798 48
2660 48
2649 48
2640 48
2598 48
2396 48
2383 48
2072 48
2042 48
2037 48
1766 48
1746 48
1672 48
1495 48
0998 48
0991 48
0986 48
0955 48
0897 48
0888 48
0871 48
0453 48
0171 48
0065 48
0047 48
9921 47
9880 47
9613 47
9456 47
9145 47
9128 47
9121 47
9030 47
8928 47
8921 47
8902 47
8896 47
8886 47
8832 47
8769 47
8755 47
8726 47
8633 47
8632 47
8591 47
8522 47
8478 47
8452 47
8422 47
8321 47
8291 47
8286 47
8255 47
8150 47
8114 47
8103 47
8083 47
8034 47
8030 47
8015 47
7827 47
7795 47
7784 47
7768 47
7658 47
7619 47
7586 47
7508 47
7502 47
7424 47
7419 47
7263 47
7257 47
7232 47
7220 47
7212 47
7109 47
7057 47
7051 47
6991 47
6958 47
6889 47
6884 47
6882 47
6771 47
6770 47
6721 47
6642 47
6639 47
6582 47
6454 47
6422 47
6419 47
6415 47
6365 47
6284 47
6020 47
5897 47
5865 47
5863 47
5862 47
5829 47
5826 47
5783 47
5782 47
5780 47
5778 47
5762 47
5691 47
5659 47
5617 47
5601 47
5582 47
5529 47
5519 47
5498 47
5470 47
5450 47
5442 47
5379 47
5359 47
5305 47
5297 47
5294 47
5175 47
5134 47
5058 47
4958 47
4881 47
4836 47
4801 47
4751 47
4732 47
4719 47
4658 47
4650 47
4599 47
4346 47
4335 47
4319 47
4318 47
4257 47
4188 47
4164 47
4008 47
4003 47
3982 47
3928 47
3766 47
3756 47
3743 47
3740 47
3729 47
3717 47
3673 47
3656 47
3601 47
3596 47
3562 47
3561 47
3532 47
3296 47
3295 47
3165 47
3053 47
2995 47
2984 47
2968 47
2951 47
2847 47
2776 47
2769 47
2756 47
2675 47
2673 47
2671 47
2059 47
2041 47
2036 47
1791 47
1757 47
1658 47
0592 47
0551 47
0454 47
0444 47
0400 47
0372 47
0355 47
0278 47
0271 47
0251 47
0136 47
0067 47
0057 47
0054 47
9950 46
9924 46
9883 46
9854 46
9834 46
9831 46
9739 46
9733 46
9666 46
9586 46
9579 46
9523 46
9442 46
9348 46
9321 46
9229 46
9102 46
8944 46
8883 46
8817 46
8797 46
8796 46
8563 46
8546 46
8532 46
8436 46
8402 46
8319 46
8317 46
8305 46
8290 46
8245 46
8238 46
8226 46
8187 46
8143 46
8128 46
8117 46
8116 46
7998 46
7966 46
7963 46
7919 46
7893 46
7884 46
7792 46
7781 46
7761 46
7738 46
7736 46
7646 46
7588 46
7546 46
7540 46
7539 46
7521 46
7469 46
7449 46
7433 46
7423 46
7422 46
7334 46
7282 46
7279 46
7271 46
7213 46
7205 46
7178 46
7145 46
7132 46
6915 46
6898 46
6879 46
6837 46
6791 46
6774 46
6674 46
6590 46
6586 46
6577 46
6531 46
6516 46
6474 46
6386 46
6331 46
6324 46
6323 46
6221 46
6199 46
6189 46
6187 46
6113 46
6104 46
6035 46
5990 46
5987 46
5900 46
5854 46
5822 46
5818 46
5799 46
5798 46
5760 46
5750 46
5716 46
5690 46
5650 46
5619 46
5604 46
5509 46
5492 46
5482 46
5447 46
5402 46
5387 46
5369 46
5316 46
5265 46
5260 46
5219 46
5181 46
5166 46
5145 46
5139 46
5056 46
5054 46
5029 46
4916 46
4893 46
4768 46
4715 46
4677 46
4665 46
4583 46
4558 46
4508 46
4494 46
4478 46
4428 46
4427 46
4330 46
4302 46
4267 46
4264 46
4259 46
4217 46
4195 46
4096 46
4069 46
4025 46
3975 46
3936 46
3835 46
3783 46
3757 46
3751 46
3725 46
3716 46
3705 46
3682 46
3668 46
3661 46
3659 46
3597 46
3484 46
3481 46
3418 46
3389 46
3382 46
3374 46
3275 46
3229 46
3176 46
3138 46
3077 46
3029 46
3026 46
2982 46
2965 46
2914 46
2739 46
2738 46
2695 46
2683 46
2619 46
2596 46
2559 46
2549 46
2492 46
2372 46
2191 46
2083 46
2075 46
2062 46
1868 46
1846 46
1779 46
1758 46
1639 46
0995 46
0984 46
0948 46
0780 46
0748 46
0600 46
0574 46
0560 46
0487 46
0445 46
0184 46
0174 46
0170 46
9997 45
9973 45
9965 45
9918 45
9873 45
9790 45
9710 45
9699 45
9611 45
9536 45
9279 45
9247 45
9222 45
9194 45
9184 45
9166 45
9165 45
9088 45
8950 45
8868 45
8858 45
8842 45
8799 45
8785 45
8741 45
8683 45
8662 45
8617 45
8579 45
8518 45
8431 45
8316 45
8300 45
8257 45
8256 45
8222 45
8209 45
8199 45
8120 45
8115 45
8102 45
8085 45
8046 45
8044 45
8037 45
8033 45
8023 45
8022 45
8009 45
8006 45
7929 45
7881 45
7868 45
7857 45
7659 45
7645 45
7623 45
7591 45
7587 45
7541 45
7485 45
7484 45
7382 45
7364 45
7290 45
7287 45
7280 45
7234 45
7228 45
7118 45
7088 45
7082 45
7072 45
7025 45
7015 45
6965 45
6910 45
6852 45
6833 45
6824 45
6714 45
6625 45
6612 45
6578 45
6555 45
6534 45
6517 45
6514 45
6482 45
6460 45
6427 45
6270 45
6246 45
6230 45
6186 45
6170 45
6169 45
6114 45
6050 45
6009 45
5932 45
5910 45
5892 45
5889 45
5801 45
5767 45
5756 45
5708 45
5615 45
5596 45
5539 45
5479 45
5334 45
5299 45
5182 45
5170 45
5159 45
5131 45
5006 45
4999 45
4983 45
4937 45
4918 45
4910 45
4895 45
4772 45
4686 45
4644 45
4622 45
4398 45
4369 45
4363 45
4350 45
4338 45
4326 45
4290 45
4280 45
4147 45
4059 45
4039 45
4018 45
3995 45
3994 45
3990 45
3869 45
3859 45
3848 45
3746 45
3741 45
3634 45
3617 45
3609 45
3540 45
3470 45
3390 45
3387 45
3289 45
3178 45
3072 45
3069 45
3045 45
2989 45
2973 45
2942 45
2763 45
2760 45
2592 45
2073 45
0891 45
0869 45
0686 45
0576 45
0493 45
0478 45
0451 45
0378 45
0350 45
0286 45
0096 45
9902 44
9886 44
9836 44
9819 44
9701 44
9697 44
9685 44
9569 44
9371 44
9324 44
9264 44
9252 44
9216 44
9163 44
9122 44
9113 44
9101 44
9082 44
9025 44
9013 44
8970 44
8853 44
8847 44
8766 44
8698 44
8574 44
8550 44
8499 44
8405 44
8155 44
8148 44
8106 44
7984 44
7915 44
7900 44
7809 44
7791 44
7748 44
7523 44
7518 44
7441 44
7440 44
7420 44
7390 44
7335 44
7325 44
7269 44
7133 44
7122 44
7067 44
6959 44
6907 44
6887 44
6881 44
6825 44
6762 44
6648 44
6632 44
6589 44
6524 44
6470 44
6398 44
6377 44
6340 44
6315 44
6287 44
6242 44
6228 44
6219 44
6185 44
6044 44
6027 44
6024 44
5927 44
5836 44
5830 44
5797 44
5670 44
5483 44
5436 44
5370 44
5281 44
5176 44
5106 44
5079 44
5049 44
5043 44
5026 44
4966 44
4875 44
4857 44
4845 44
4753 44
4752 44
4749 44
4744 44
4596 44
4528 44
4461 44
4447 44
4429 44
4377 44
4353 44
4327 44
4282 44
4254 44
4249 44
4230 44
4203 44
4194 44
4187 44
4014 44
3984 44
3924 44
3915 44
3880 44
3836 44
3748 44
3706 44
3689 44
3599 44
3586 44
3574 44
3558 44
3527 44
3503 44
3447 44
3396 44
3189 44
3151 44
3096 44
3079 44
3019 44
2938 44
2915 44
2893 44
2889 44
2874 44
2872 44
2849 44
2845 44
2786 44
2751 44
2745 44
2699 44
2392 44
2043 44
1738 44
1660 44
0885 44
0667 44
0654 44
0645 44
0569 44
0476 44
0336 44
0281 44
0267 44
0254 44
0239 44
0046 44
9983 43
9917 43
9830 43
9824 43
9784 43
9774 43
9758 43
9747 43
9722 43
9712 43
9687 43
9546 43
9410 43
9395 43
9368 43
9317 43
9281 43
9215 43
9213 43
9203 43
9180 43
9062 43
9024 43
8937 43
8830 43
8816 43
8772 43
8771 43
8694 43
8564 43
8528 43
8416 43
8367 43
8345 43
8337 43
8325 43
8214 43
8166 43
8130 43
7985 43
7983 43
7923 43
7905 43
7847 43
7844 43
7798 43
7753 43
7653 43
7650 43
7569 43
7548 43
7529 43
7505 43
7482 43
7481 43
7468 43
7457 43
7452 43
7446 43
7416 43
7393 43
7289 43
7259 43
7222 43
7199 43
7158 43
7047 43
7045 43
7006 43
6997 43
6925 43
6922 43
6858 43
6811 43
6773 43
6684 43
6604 43
6598 43
6504 43
6484 43
6445 43
6418 43
6345 43
6292 43
6263 43
6233 43
6215 43
6190 43
6134 43
6129 43
6004 43
5961 43
5890 43
5875 43
5848 43
5839 43
5831 43
5792 43
5680 43
5637 43
5530 43
5518 43
5427 43
5372 43
5350 43
5341 43
5332 43
5329 43
5290 43
5187 43
5163 43
5085 43
5071 43
5059 43
5034 43
4997 43
4924 43
4921 43
4902 43
4885 43
4882 43
4873 43
4840 43
4830 43
4822 43
4781 43
4779 43
4758 43
4718 43
4697 43
4691 43
4673 43
4667 43
4637 43
4625 43
4594 43
4593 43
4581 43
4573 43
4538 43
4509 43
4490 43
4387 43
4308 43
4283 43
4271 43
4163 43
4139 43
4066 43
4016 43
4009 43
3987 43
3972 43
3946 43
3919 43
3893 43
3775 43
3764 43
3736 43
3676 43
3395 43
3192 43
3181 43
3148 43
3099 43
3071 43
3058 43
3054 43
2960 43
2959 43
2953 43
2865 43
2681 43
2393 43
2194 43
2098 43
1843 43
1751 43
1698 43
1496 43
0973 43
0963 43
0792 43
0788 43
0769 43
0732 43
0683 43
0653 43
0564 43
0542 43
0361 43
0332 43
0178 43
0161 43
0086 43
0039 43
0037 43
9994 42
9972 42
9931 42
9798 42
9796 42
9693 42
9639 42
9588 42
9584 42
9580 42
9567 42
9506 42
9486 42
9421 42
9412 42
9366 42
9346 42
9299 42
9294 42
9254 42
9120 42
9050 42
9040 42
9003 42
8882 42
8871 42
8806 42
8469 42
8445 42
8433 42
8407 42
8372 42
8342 42
8298 42
8267 42
8248 42
8237 42
8198 42
8147 42
8098 42
8079 42
7922 42
7855 42
7851 42
7819 42
7790 42
7760 42
7684 42
7596 42
7555 42
7528 42
7379 42
7351 42
7328 42
7296 42
7278 42
7258 42
7240 42
7237 42
7231 42
7208 42
7164 42
7125 42
7027 42
6923 42
6872 42
6859 42
6649 42
6630 42
6613 42
6605 42
6583 42
6563 42
6515 42
6444 42
6432 42
6392 42
6387 42
6329 42
6319 42
6317 42
6257 42
6201 42
6188 42
6130 42
6025 42
5922 42
5886 42
5855 42
5816 42
5779 42
5730 42
5727 42
5662 42
5609 42
5496 42
5430 42
5388 42
5381 42
5368 42
5309 42
5208 42
5127 42
4939 42
4919 42
4883 42
4872 42
4846 42
4824 42
4786 42
4783 42
4760 42
4741 42
4709 42
4707 42
4698 42
4670 42
4621 42
4616 42
4609 42
4505 42
4492 42
4430 42
4373 42
4293 42
4175 42
4166 42
4148 42
4146 42
4134 42
4104 42
4103 42
4087 42
3962 42
3941 42
3910 42
3865 42
3828 42
3758 42
3677 42
3582 42
3573 42
3274 42
3173 42
2770 42
2734 42
2732 42
2553 42
2397 42
1796 42
1656 42
1646 42
1494 42
0962 42
0771 42
0754 42
0661 42
0587 42
0582 42
0562 42
0546 42
0488 42
0432 42
0365 42
0275 42
0236 42
0198 42
0059 42
9885 41
9848 41
9810 41
9802 41
9750 41
9658 41
9634 41
9622 41
9604 41
9599 41
9577 41
9557 41
9496 41
9465 41
9424 41
9401 41
9227 41
9219 41
9202 41
9187 41
9155 41
9137 41
9029 41
8979 41
8971 41
8956 41
8873 41
8825 41
8786 41
8745 41
8731 41
8716 41
8607 41
8580 41
8526 41
8474 41
8400 41
8327 41
8303 41
8266 41
8253 41
8241 41
8235 41
8177 41
8040 41
7973 41
7933 41
7918 41
7886 41
7815 41
7803 41
7794 41
7706 41
7688 41
7672 41
7630 41
7614 41
7564 41
7503 41
7407 41
7248 41
7206 41
7170 41
7154 41
7119 41
7008 41
6932 41
6814 41
6812 41
6766 41
6731 41
6725 41
6719 41
6672 41
6618 41
6616 41
6606 41
6599 41
6579 41
6520 41
6507 41
6489 41
6483 41
6477 41
6433 41
6339 41
6295 41
6293 41
6274 41
6147 41
6107 41
6088 41
6046 41
6030 41
6002 41
5998 41
5914 41
5884 41
5867 41
5851 41
5828 41
5724 41
5573 41
5547 41
5409 41
5161 41
4980 41
4974 41
4969 41
4908 41
4818 41
4802 41
4773 41
4770 41
4683 41
4633 41
4614 41
4602 41
4438 41
4393 41
4388 41
4347 41
4270 41
4241 41
4181 41
4153 41
3977 41
3937 41
3892 41
3863 41
3806 41
3784 41
3779 41
3735 41
3731 41
3675 41
3607 41
3602 41
3593 41
3563 41
3473 41
3381 41
3252 41
3196 41
3153 41
3062 41
3048 41
3037 41
2978 41
2966 41
2926 41
2896 41
2796 41
2743 41
2593 41
2053 41
1762 41
1749 41
0943 41
0935 41
0790 41
0750 41
0688 41
0668 41
0657 41
0586 41
0570 41
0563 41
0561 41
0533 41
0495 41
0457 41
0440 41
0276 41
0244 41
0163 41
0050 41
0043 41
9971 40
9903 40
9792 40
9760 40
9742 40
9597 40
9585 40
9502 40
9462 40
9455 40
9452 40
9439 40
9422 40
9357 40
9221 40
9204 40
9199 40
9181 40
9093 40
9019 40
8992 40
8980 40
8933 40
8913 40
8770 40
8691 40
8670 40
8627 40
8616 40
8559 40
8508 40
8507 40
8506 40
8503 40
8403 40
8320 40
8274 40
8243 40
8215 40
8135 40
8053 40
7916 40
7848 40
7825 40
7732 40
7657 40
7536 40
7513 40
7426 40
7408 40
7402 40
7371 40
7342 40
7197 40
7086 40
7075 40
7073 40
7069 40
7058 40
7014 40
6998 40
6992 40
6933 40
6894 40
6875 40
6849 40
6820 40
6754 40
6692 40
6631 40
6621 40
6584 40
6568 40
6493 40
6294 40
6282 40
6268 40
6243 40
6236 40
6177 40
6144 40
6143 40
6124 40
6118 40
5951 40
5849 40
5805 40
5753 40
5736 40
5672 40
5532 40
5443 40
5343 40
5313 40
5198 40
5046 40
5037 40
4954 40
4912 40
4890 40
4835 40
4831 40
4819 40
4810 40
4804 40
4796 40
4756 40
4755 40
4739 40
4687 40
4681 40
4553 40
4529 40
4435 40
4380 40
4379 40
4367 40
4336 40
4317 40
4281 40
4140 40
4136 40
4068 40
3874 40
3853 40
3795 40
3745 40
3664 40
3655 40
3620 40
3392 40
3290 40
3273 40
3195 40
3193 40
3051 40
3039 40
2991 40
2970 40
2949 40
2945 40
2944 40
2897 40
2860 40
2854 40
2782 40
2735 40
2696 40
2655 40
2597 40
2594 40
2293 40
2081 40
0958 40
0877 40
0798 40
0554 40
0375 40
0370 40
0360 40
0339 40
0297 40
0290 40
0289 40
0284 40
0260 40
0252 40
0164 40
0151 40
0040 40
9963 39
9956 39
9705 39
9700 39
9691 39
9652 39
9635 39
9618 39
9490 39
9400 39
9377 39
9365 39
9354 39
9349 39
9255 39
9153 39
9092 39
9077 39
8916 39
8914 39
8895 39
8815 39
8802 39
8676 39
8664 39
8527 39
8415 39
8322 39
8292 39
8208 39
8140 39
8050 39
8019 39
7914 39
7826 39
7728 39
7660 39
7651 39
7649 39
7584 39
7567 39
7561 39
7308 39
7233 39
7229 39
7225 39
7223 39
7217 39
7204 39
7098 39
7078 39
7030 39
6990 39
6983 39
6921 39
6839 39
6593 39
6587 39
6509 39
6442 39
6401 39
6374 39
6168 39
6067 39
5945 39
5907 39
5814 39
5784 39
5741 39
5719 39
5701 39
5692 39
5527 39
5499 39
5371 39
5190 39
5167 39
4976 39
4960 39
4952 39
4896 39
4889 39
4841 39
4834 39
4734 39
4723 39
4668 39
4651 39
4559 39
4348 39
4294 39
4275 39
4261 39
4246 39
4189 39
3922 39
3895 39
3851 39
3829 39
3820 39
3799 39
3788 39
3769 39
3657 39
3598 39
3448 39
3084 39
3074 39
3043 39
2971 39
2844 39
2749 39
2697 39
2651 39
2638 39
2494 39
2087 39
0951 39
0882 39
0876 39
0599 39
0566 39
0539 39
0474 39
0469 39
0459 39
0458 39
0391 39
0335 39
0285 39
0058 39
9985 38
9803 38
9662 38
9560 38
9559 38
9547 38
9542 38
9464 38
9463 38
9458 38
9427 38
9389 38
9256 38
9250 38
9226 38
9177 38
8978 38
8965 38
8931 38
8863 38
8672 38
8667 38
8654 38
8626 38
8604 38
8600 38
8583 38
8581 38
8533 38
8408 38
8393 38
8308 38
8307 38
8269 38
8231 38
8217 38
8193 38
8178 38
8169 38
8031 38
7885 38
7863 38
7806 38
7680 38
7675 38
7594 38
7563 38
7507 38
7492 38
7464 38
7372 38
7331 38
7320 38
7309 38
7270 38
7268 38
7264 38
7254 38
7253 38
7247 38
7163 38
7161 38
7096 38
7029 38
6951 38
6944 38
6928 38
6855 38
6809 38
6808 38
6790 38
6750 38
6743 38
6693 38
6657 38
6627 38
6549 38
6510 38
6354 38
6337 38
6334 38
6314 38
6273 38
6241 38
6204 38
6198 38
6184 38
6181 38
6148 38
6117 38
6083 38
6003 38
5975 38
5968 38
5965 38
5952 38
5941 38
5883 38
5870 38
5813 38
5802 38
5772 38
5722 38
5448 38
5303 38
5267 38
5249 38
5183 38
5173 38
5078 38
5075 38
5048 38
4971 38
4964 38
4915 38
4914 38
4877 38
4871 38
4793 38
4780 38
4727 38
4716 38
4640 38
4626 38
4606 38
4592 38
4491 38
4476 38
4436 38
4395 38
4385 38
4303 38
4198 38
4149 38
4072 38
4031 38
3989 38
3979 38
3963 38
3949 38
3917 38
3916 38
3908 38
3886 38
3867 38
3860 38
3844 38
3694 38
3583 38
3494 38
3483 38
3194 38
3082 38
3064 38
3061 38
3057 38
2997 38
2954 38
2870 38
2863 38
2797 38
2765 38
2764 38
2761 38
2741 38
2682 38
1795 38
1794 38
1752 38
1694 38
0959 38
0896 38
0787 38
0669 38
0552 38
0489 38
0462 38
0367 38
0268 38
0084 38
9904 37
9855 37
9614 37
9591 37
9568 37
9491 37
9481 37
9478 37
9331 37
9303 37
9232 37
9196 37
9154 37
9150 37
9144 37
9041 37
9031 37
8994 37
8966 37
8930 37
8856 37
8793 37
8713 37
8674 37
8660 37
8645 37
8618 37
8547 37
8535 37
8534 37
8490 37
8457 37
8358 37
8323 37
8315 37
8309 37
8299 37
8271 37
8265 37
8236 37
8233 37
8170 37
8159 37
7995 37
7955 37
7833 37
7752 37
7750 37
7609 37
7582 37
7568 37
7553 37
7514 37
7432 37
7361 37
7357 37
7323 37
7317 37
7315 37
7292 37
7281 37
7251 37
7224 37
7166 37
7159 37
7126 37
7034 37
6995 37
6973 37
6960 37
6848 37
6840 37
6815 37
6779 37
6718 37
6691 37
6635 37
6603 37
6475 37
6457 37
6443 37
6352 37
6305 37
6260 37
6217 37
6216 37
6205 37
6174 37
6146 37
6136 37
6135 37
6016 37
5991 37
5981 37
5971 37
5926 37
5924 37
5853 37
5815 37
5699 37
5490 37
5473 37
5449 37
5364 37
5287 37
5207 37
5119 37
4988 37
4953 37
4947 37
4816 37
4762 37
4754 37
4740 37
4661 37
4641 37
4498 37
4397 37
4375 37
4340 37
4306 37
4199 37
4192 37
4173 37
4158 37
4057 37
4006 37
3948 37
3889 37
3885 37
3876 37
3864 37
3793 37
3781 37
3770 37
3765 37
3734 37
3687 37
3530 37
3506 37
3495 37
2963 37
2958 37
2948 37
2947 37
2936 37
2923 37
2895 37
2753 37
2746 37
1859 37
0873 37
0868 37
0850 37
0848 37
0799 37
0782 37
0776 37
0475 37
0470 37
0262 37
0193 37
9961 36
9960 36
9929 36
9913 36
9907 36
9785 36
9761 36
9704 36
9672 36
9657 36
9563 36
9558 36
9531 36
9522 36
9517 36
9516 36
9499 36
9417 36
9398 36
9335 36
9323 36
9315 36
9262 36
9251 36
9238 36
9231 36
9175 36
9158 36
9133 36
9083 36
9079 36
9044 36
8996 36
8964 36
8934 36
8918 36
8915 36
8872 36
8827 36
8807 36
8762 36
8761 36
8742 36
8733 36
8722 36
8719 36
8703 36
8692 36
8651 36
8621 36
8571 36
8537 36
8458 36
8444 36
8417 36
8386 36
8379 36
8330 36
8263 36
8247 36
8232 36
8173 36
8164 36
8163 36
8160 36
8154 36
8145 36
8042 36
8026 36
7974 36
7951 36
7940 36
7934 36
7925 36
7906 36
7875 36
7839 36
7832 36
7828 36
7814 36
7793 36
7764 36
7763 36
7754 36
7746 36
7729 36
7686 36
7615 36
7589 36
7581 36
7571 36
7431 36
7380 36
7359 36
7322 36
7307 36
7299 36
7297 36
7230 36
7195 36
7180 36
7160 36
7156 36
7146 36
7143 36
7135 36
7107 36
7092 36
7074 36
7044 36
7028 36
6948 36
6941 36
6930 36
6899 36
6897 36
6847 36
6832 36
6794 36
6742 36
6741 36
6733 36
6659 36
6646 36
6641 36
6617 36
6615 36
6597 36
6564 36
6558 36
6522 36
6451 36
6450 36
6402 36
6383 36
6381 36
6378 36
6332 36
6330 36
6322 36
6281 36
6259 36
6175 36
6171 36
6158 36
6153 36
6132 36
6105 36
6070 36
6014 36
5943 36
5893 36
5872 36
5845 36
5807 36
5773 36
5744 36
5721 36
5717 36
5695 36
5684 36
5653 36
5636 36
5605 36
5540 36
5383 36
5278 36
5273 36
5238 36
5179 36
5148 36
5109 36
5081 36
5072 36
5069 36
5009 36
4998 36
4992 36
4955 36
4925 36
4870 36
4838 36
4828 36
4746 36
4708 36
4639 36
4635 36
4627 36
4608 36
4574 36
4503 36
4496 36
4479 36
4463 36
4399 36
4391 36
4366 36
4359 36
4349 36
4298 36
4289 36
4287 36
4238 36
4197 36
4191 36
4099 36
4071 36
4054 36
4047 36
4036 36
4032 36
3996 36
3961 36
3959 36
3930 36
3921 36
3913 36
3882 36
3881 36
3878 36
3870 36
3856 36
3847 36
3830 36
3805 36
3782 36
3720 36
3674 36
3671 36
3604 36
3603 36
3584 36
3491 36
3487 36
3346 36
3263 36
3174 36
3097 36
3047 36
3038 36
2983 36
2943 36
2742 36
2672 36
0841 36
0753 36
0698 36
0682 36
0640 36
0633 36
0585 36
0578 36
0573 36
0540 36
0491 36
0483 36
0398 36
0383 36
0291 36
0280 36
0277 36
0263 36
0186 36
0181 36
0176 36
0173 36
9953 35
9952 35
9941 35
9882 35
9867 35
9823 35
9776 35
9765 35
9754 35
9751 35
9723 35
9714 35
9706 35
9689 35
9678 35
9654 35
9651 35
9612 35
9603 35
9601 35
9562 35
9552 35
9504 35
9495 35
9484 35
9474 35
9420 35
9286 35
9234 35
9233 35
9179 35
9146 35
9135 35
9124 35
9105 35
9104 35
9096 35
9095 35
9089 35
9056 35
9027 35
9018 35
8945 35
8924 35
8909 35
8854 35
8820 35
8764 35
8763 35
8685 35
8663 35
8659 35
8615 35
8613 35
8608 35
8605 35
8570 35
8529 35
8483 35
8481 35
8465 35
8460 35
8419 35
8413 35
8390 35
8380 35
8370 35
8340 35
8335 35
8262 35
8261 35
8254 35
8249 35
8224 35
8197 35
8175 35
8129 35
8122 35
8099 35
8060 35
7986 35
7954 35
7945 35
7936 35
7924 35
7871 35
7859 35
7842 35
7804 35
7743 35
7690 35
7685 35
7627 35
7560 35
7547 35
7542 35
7489 35
7459 35
7429 35
7428 35
7381 35
7356 35
7353 35
7352 35
7291 35
7267 35
7243 35
7216 35
7215 35
7181 35
7134 35
7079 35
7076 35
7031 35
7016 35
6982 35
6975 35
6962 35
6934 35
6908 35
6880 35
6722 35
6651 35
6640 35
6581 35
6580 35
6561 35
6550 35
6499 35
6494 35
6487 35
6479 35
6471 35
6459 35
6436 35
6426 35
6423 35
6416 35
6409 35
6388 35
6373 35
6349 35
6347 35
6335 35
6302 35
6301 35
6299 35
6176 35
6156 35
6121 35
6108 35
6106 35
6090 35
6032 35
5979 35
5923 35
5915 35
5856 35
5834 35
5766 35
5751 35
5718 35
5640 35
5638 35
5631 35
5597 35
5594 35
5583 35
5508 35
5480 35
5429 35
5403 35
5399 35
5382 35
5380 35
5367 35
5302 35
5286 35
5206 35
5128 35
5016 35
4984 35
4956 35
4946 35
4922 35
4906 35
4898 35
4805 35
4717 35
4692 35
4676 35
4675 35
4643 35
4642 35
4636 35
4384 35
4339 35
4299 35
4297 35
4273 35
4186 35
4174 35
4165 35
4137 35
4107 35
4098 35
4090 35
4084 35
4074 35
4061 35
4049 35
3988 35
3985 35
3969 35
3968 35
3957 35
3926 35
3866 35
3862 35
3767 35
3759 35
3755 35
3753 35
3723 35
3492 35
3482 35
3172 35
3085 35
3083 35
3078 35
3059 35
2998 35
2994 35
2976 35
2962 35
2924 35
2899 35
2862 35
2859 35
2857 35
2768 35
2692 35
1847 35
1693 35
0965 35
0939 35
0883 35
0846 35
0834 35
0785 35
0772 35
0759 35
0757 35
0755 35
0699 35
0695 35
0677 35
0676 35
0594 35
0579 35
0572 35
0467 35
0452 35
0273 35
9970 34
9935 34
9884 34
9881 34
9844 34
9841 34
9832 34
9814 34
9793 34
9775 34
9767 34
9766 34
9757 34
9727 34
9719 34
9707 34
9684 34
9667 34
9602 34
9553 34
9521 34
9503 34
9487 34
9476 34
9453 34
9431 34
9428 34
9426 34
9403 34
9396 34
9338 34
9322 34
9318 34
9301 34
9230 34
9223 34
9169 34
9168 34
9162 34
9134 34
9132 34
9103 34
9078 34
9070 34
9055 34
9026 34
8917 34
8894 34
8859 34
8845 34
8840 34
8836 34
8782 34
8753 34
8730 34
8727 34
8720 34
8709 34
8707 34
8704 34
8693 34
8665 34
8661 34
8631 34
8610 34
8603 34
8599 34
8593 34
8554 34
8549 34
8540 34
8519 34
8479 34
8473 34
8454 34
8378 34
8375 34
8373 34
8328 34
8293 34
8280 34
8273 34
8223 34
8185 34
8138 34
8054 34
7975 34
7970 34
7950 34
7941 34
7813 34
7735 34
7699 34
7697 34
7681 34
7663 34
7642 34
7570 34
7550 34
7537 34
7506 34
7463 34
7368 34
7366 34
7347 34
7341 34
7316 34
7284 34
7261 34
7246 34
7193 34
7168 34
7153 34
7105 34
7087 34
7055 34
7039 34
6961 34
6950 34
6945 34
6926 34
6917 34
6828 34
6759 34
6753 34
6739 34
6728 34
6701 34
6634 34
6585 34
6478 34
6473 34
6472 34
6467 34
6360 34
6327 34
6267 34
6253 34
6208 34
6202 34
6151 34
6063 34
6045 34
5974 34
5973 34
5944 34
5918 34
5917 34
5916 34
5803 34
5734 34
5694 34
5685 34
5642 34
5607 34
5537 34
5493 34
5405 34
5340 34
5296 34
5274 34
5136 34
5095 34
5083 34
5065 34
4985 34
4961 34
4948 34
4942 34
4917 34
4899 34
4843 34
4837 34
4799 34
4795 34
4763 34
4736 34
4726 34
4724 34
4705 34
4702 34
4607 34
4572 34
4473 34
4437 34
4389 34
4364 34
4358 34
4291 34
4276 34
4237 34
4182 34
4167 34
4106 34
4089 34
4052 34
4046 34
4043 34
4034 34
3970 34
3966 34
3909 34
3861 34
3857 34
3780 34
3778 34
3774 34
3595 34
3293 34
3067 34
2961 34
2952 34
2937 34
2867 34
2793 34
2693 34
0993 34
0992 34
0966 34
0934 34
0875 34
0870 34
0764 34
0758 34
0742 34
0664 34
0642 34
0598 34
0590 34
0580 34
0556 34
0549 34
0468 34
0463 34
0448 34
0434 34
0433 34
0397 34
0359 34
0185 34
9895 33
9869 33
9860 33
9840 33
9825 33
9782 33
9771 33
9752 33
9746 33
9741 33
9720 33
9676 33
9649 33
9648 33
9644 33
9638 33
9493 33
9466 33
9451 33
9444 33
9437 33
9425 33
9405 33
9388 33
9383 33
9336 33
9319 33
9314 33
9309 33
9284 33
9280 33
9277 33
9272 33
9267 33
9242 33
9214 33
9195 33
9142 33
9127 33
9109 33
9060 33
9045 33
9028 33
9005 33
8984 33
8938 33
8929 33
8904 33
8862 33
8861 33
8851 33
8835 33
8804 33
8780 33
8775 33
8758 33
8752 33
8699 33
8671 33
8658 33
8655 33
8644 33
8601 33
8561 33
8536 33
8470 33
8463 33
8446 33
8428 33
8423 33
8399 33
8230 33
8225 33
8206 33
8171 33
8142 33
8075 33
8071 33
8032 33
8027 33
7972 33
7969 33
7960 33
7953 33
7932 33
7917 33
7846 33
7822 33
7816 33
7696 33
7674 33
7671 33
7634 33
7626 33
7617 33
7592 33
7544 33
7534 33
7526 33
7522 33
7516 33
7499 33
7496 33
7487 33
7451 33
7442 33
7430 33
7398 33
7343 33
7295 33
7294 33
7255 33
7184 33
7124 33
7106 33
7081 33
7048 33
6938 33
6936 33
6883 33
6798 33
6780 33
6757 33
6751 33
6745 33
6717 33
6716 33
6715 33
6708 33
6628 33
6619 33
6614 33
6607 33
6591 33
6552 33
6551 33
6527 33
6505 33
6435 33
6379 33
6375 33
6371 33
6358 33
6344 33
6342 33
6291 33
6218 33
6159 33
6149 33
6127 33
6080 33
6037 33
6019 33
5984 33
5976 33
5954 33
5930 33
5920 33
5873 33
5795 33
5737 33
5732 33
5703 33
5649 33
5608 33
5395 33
5327 33
5197 33
5186 33
5185 33
5178 33
5137 33
5063 33
5057 33
5047 33
4995 33
4975 33
4920 33
4903 33
4892 33
4814 33
4767 33
4735 33
4693 33
4638 33
4630 33
4481 33
4407 33
4362 33
4361 33
4360 33
4307 33
4304 33
4296 33
4193 33
4183 33
4162 33
4094 33
4086 33
4082 33
4076 33
4067 33
3991 33
3958 33
3956 33
3905 33
3902 33
3868 33
3852 33
3804 33
3797 33
3762 33
3704 33
3496 33
3449 33
3292 33
3095 33
3065 33
3052 33
2993 33
2851 33
2394 33
0996 33
0983 33
0974 33
0936 33
0895 33
0887 33
0840 33
0797 33
0752 33
0697 33
0680 33
0641 33
0634 33
0632 33
0581 33
0568 33
0558 33
0547 33
0494 33
0472 33
0471 33
0466 33
0464 33
0437 33
0435 33
0399 33
0396 33
0382 33
0363 33
0295 33
0264 33
0139 33
0051 33
9967 32
9959 32
9954 32
9945 32
9936 32
9894 32
9853 32
9806 32
9783 32
9781 32
9749 32
9724 32
9717 32
9686 32
9675 32
9671 32
9641 32
9590 32
9556 32
9554 32
9520 32
9441 32
9440 32
9408 32
9404 32
9387 32
9332 32
9291 32
9224 32
9220 32
9161 32
9157 32
9156 32
9152 32
9147 32
9086 32
9053 32
8959 32
8955 32
8943 32
8942 32
8867 32
8834 32
8826 32
8803 32
8767 32
8757 32
8695 32
8677 32
8602 32
8495 32
8450 32
8441 32
8430 32
8418 32
8369 32
8368 32
8360 32
8341 32
8306 32
8297 32
8168 32
8162 32
8144 32
7968 32
7870 32
7853 32
7831 32
7801 32
7739 32
7692 32
7670 32
7572 32
7498 32
7490 32
7405 32
7392 32
7384 32
7369 32
7324 32
7314 32
7249 32
7242 32
7241 32
7203 32
7191 32
7182 32
7099 32
7062 32
7060 32
7019 32
7009 32
6957 32
6956 32
6952 32
6916 32
6903 32
6902 32
6892 32
6821 32
6802 32
6796 32
6703 32
6643 32
6620 32
6595 32
6588 32
6571 32
6562 32
6506 32
6501 32
6437 32
6429 32
6417 32
6414 32
6393 32
6380 32
6356 32
6348 32
6320 32
6308 32
6240 32
6195 32
6152 32
6141 32
6074 32
6065 32
6005 32
5964 32
5942 32
5909 32
5902 32
5835 32
5796 32
5745 32
5739 32
5731 32
5720 32
5705 32
5704 32
5495 32
5385 32
5338 32
5192 32
5098 32
5092 32
4990 32
4981 32
4978 32
4944 32
4938 32
4907 32
4821 32
4766 32
4623 32
4408 32
4396 32
4376 32
4370 32
4368 32
4138 32
4058 32
4053 32
4038 32
3973 32
3965 32
3952 32
3923 32
3858 32
3771 32
3744 32
3529 32
3297 32
3092 32
3081 32
2964 32
2843 32
2096 32
2076 32
0967 32
0953 32
0941 32
0938 32
0893 32
0886 32
0881 32
0862 32
0832 32
0791 32
0773 32
0761 32
0733 32
0662 32
0658 32
0631 32
0583 32
0545 32
0461 32
0395 32
0376 32
0265 32
0194 32
0160 32
9949 31
9943 31
9930 31
9866 31
9745 31
9692 31
9688 31
9661 31
9646 31
9642 31
9537 31
9532 31
9508 31
9479 31
9470 31
9461 31
9450 31
9443 31
9438 31
9356 31
9328 31
9316 31
9271 31
9270 31
9260 31
9258 31
9237 31
9189 31
9176 31
9172 31
9160 31
9094 31
9072 31
9059 31
9016 31
8975 31
8906 31
8860 31
8857 31
8784 31
8732 31
8708 31
8681 31
8657 31
8630 31
8623 31
8614 31
8517 31
8476 31
8466 31
8442 31
8392 31
8377 31
8353 31
8331 31
8239 31
8156 31
8151 31
8141 31
8132 31
8066 31
8049 31
8028 31
7961 31
7957 31
7943 31
7841 31
7840 31
7820 31
7641 31
7631 31
7583 31
7527 31
7520 31
7483 31
7385 31
7363 31
7286 31
7238 31
7236 31
7209 31
7186 31
7108 31
7083 31
7066 31
7053 31
7040 31
6986 31
6931 31
6924 31
6873 31
6865 31
6841 31
6830 31
6746 31
6709 31
6702 31
6652 31
6596 31
6572 31
6536 31
6526 31
6503 31
6448 31
6430 31
6370 31
6309 31
6278 31
6252 31
6238 31
6209 31
6207 31
6180 31
6178 31
6103 31
6051 31
6048 31
6042 31
6034 31
5997 31
5958 31
5949 31
5871 31
5837 31
5794 31
5774 31
5742 31
5740 31
5738 31
5396 31
5374 31
5361 31
5349 31
5319 31
5096 31
5061 31
5035 31
4993 31
4935 31
4931 31
4897 31
4829 31
4809 31
4782 31
4743 31
4706 31
4394 31
4374 31
4239 31
4091 31
4088 31
4075 31
4070 31
3997 31
3976 31
3974 31
3920 31
3871 31
3592 31
3589 31
3549 31
3073 31
2967 31
2051 31
0971 31
0968 31
0956 31
0874 31
0835 31
0833 31
0765 31
0740 31
0685 31
0650 31
0649 31
0553 31
0541 31
0536 31
0497 31
0490 31
0481 31
0394 31
0379 31
0368 31
0353 31
0334 31
9962 30
9958 30
9932 30
9905 30
9859 30
9837 30
9829 30
9828 30
9795 30
9794 30
9780 30
9763 30
9732 30
9716 30
9690 30
9674 30
9656 30
9655 30
9627 30
9625 30
9621 30
9620 30
9587 30
9578 30
9576 30
9571 30
9570 30
9540 30
9530 30
9525 30
9471 30
9454 30
9416 30
9397 30
9369 30
9341 30
9325 30
9310 30
9285 30
9283 30
9278 30
9275 30
9274 30
9273 30
9266 30
9248 30
9243 30
9235 30
9131 30
9126 30
9097 30
9081 30
9075 30
9061 30
9057 30
9042 30
8954 30
8932 30
8905 30
8773 30
8751 30
8734 30
8724 30
8696 30
8682 30
8673 30
8640 30
8609 30
8606 30
8597 30
8573 30
8543 30
8459 30
8440 30
8434 30
8387 30
8361 30
8357 30
8161 30
8091 30
8078 30
8069 30
8051 30
8036 30
7927 30
7872 30
7837 30
7836 30
7817 30
7762 30
7694 30
7662 30
7661 30
7647 30
7624 30
7616 30
7562 30
7453 30
7437 30
7397 30
7395 30
7344 30
7338 30
7330 30
7293 30
7218 30
7187 30
7085 30
6953 30
6943 30
6919 30
6896 30
6864 30
6861 30
6860 30
6851 30
6838 30
6799 30
6764 30
6744 30
6576 30
6498 30
6491 30
6458 30
6447 30
6395 30
6338 30
6286 30
6271 30
6239 30
6203 30
6196 30
6172 30
6131 30
5939 30
5925 30
5921 30
5919 30
5905 30
5903 30
5728 30
5725 30
5707 30
5627 30
5365 30
5067 30
5066 30
5062 30
4945 30
4929 30
4894 30
4827 30
4797 30
4776 30
4699 30
4674 30
4672 30
4495 30
4092 30
4065 30
3992 30
3954 30
3943 30
3897 30
3854 30
3808 30
3709 30
3708 30
3702 30
3499 30
3498 30
3497 30
3094 30
0954 30
0952 30
0950 30
0946 30
0899 30
0884 30
0861 30
0857 30
0796 30
0739 30
0687 30
0665 30
0656 30
0648 30
0644 30
0637 30
0591 30
0388 30
0373 30
0253 30
0237 30
0197 30
0183 30
9863 29
9838 29
9826 29
9770 29
9708 29
9664 29
9637 29
9609 29
9596 29
9548 29
9535 29
9483 29
9475 29
9432 29
9376 29
9372 29
9337 29
9330 29
9297 29
9276 29
9261 29
9253 29
9212 29
9197 29
9171 29
9164 29
9058 29
9054 29
9039 29
8838 29
8768 29
8760 29
8748 29
8705 29
8666 29
8639 29
8594 29
8560 29
8556 29
8492 29
8453 29
8439 29
8435 29
8336 29
8333 29
8195 29
8172 29
8152 29
8139 29
8131 29
8096 29
8094 29
8062 29
8052 29
8035 29
7850 29
7682 29
7668 29
7632 29
7620 29
7556 29
7519 29
7386 29
7354 29
7336 29
7192 29
7165 29
7035 29
6947 29
6940 29
6854 29
6749 29
6737 29
6683 29
6650 29
6508 29
6391 29
6385 29
6304 29
6298 29
6183 29
6140 29
6087 29
6049 29
6047 29
6043 29
5938 29
5806 29
5793 29
5743 29
5339 29
5336 29
4968 29
4943 29
4933 29
4926 29
4842 29
4833 29
4803 29
4737 29
4605 29
4390 29
4063 29
3803 29
3760 29
3683 29
3394 29
2946 29
0872 29
0838 29
0837 29
0781 29
0737 29
0694 29
0638 29
0636 29
0565 29
0557 29
0473 29
0465 29
0449 29
0366 29
0348 29
0283 29
0195 29
9974 28
9946 28
9850 28
9843 28
9827 28
9817 28
9778 28
9772 28
9762 28
9755 28
9734 28
9715 28
9680 28
9593 28
9592 28
9589 28
9581 28
9573 28
9543 28
9492 28
9488 28
9472 28
9457 28
9390 28
9378 28
9342 28
9329 28
9326 28
9320 28
9308 28
9282 28
9259 28
9244 28
9217 28
9151 28
8927 28
8792 28
8783 28
8679 28
8656 28
8592 28
8497 28
8467 28
8447 28
8363 28
8359 28
8313 28
8295 28
8276 28
8165 28
8136 28
8063 28
8038 28
7996 28
7939 28
7935 28
7835 28
7599 28
7538 28
7462 28
7365 28
7167 28
7054 28
7026 28
6993 28
6964 28
6939 28
6836 28
6813 28
6760 28
6723 28
6704 28
6637 28
6539 28
6529 28
6490 28
6396 28
6173 28
6081 28
6075 28
6057 28
6054 28
6018 28
6013 28
5993 28
5992 28
5980 28
5972 28
5947 28
5933 28
5538 28
5406 28
5394 28
5195 28
5146 28
5093 28
5084 28
5076 28
5039 28
5036 28
4986 28
4965 28
4738 28
4695 28
4493 28
4095 28
3983 28
3906 28
3899 28
3896 28
3776 28
3761 28
3749 28
0994 28
0975 28
0867 28
0866 28
0851 28
0849 28
0639 28
0559 28
0460 28
0390 28
0377 28
0340 28
0259 28
9862 27
9858 27
9804 27
9740 27
9736 27
9668 27
9534 27
9489 27
9473 27
9418 27
9406 27
9382 27
9379 27
9374 27
9362 27
9350 27
9344 27
9334 27
9304 27
9268 27
9240 27
9186 27
9167 27
9143 27
9136 27
9129 27
9084 27
9065 27
9043 27
8982 27
8962 27
8940 27
8849 27
8781 27
8744 27
8717 27
8652 27
8647 27
8628 27
8553 27
8551 27
8449 27
8365 27
8355 27
8354 27
8326 27
8270 27
8268 27
8229 27
8194 27
8149 27
8058 27
8047 27
8045 27
7992 27
7949 27
7944 27
7730 27
7552 27
7494 27
7443 27
7345 27
7169 27
7141 27
7136 27
7097 27
7084 27
7049 27
7032 27
6949 27
6904 27
6857 27
6850 27
6846 27
6831 27
6816 27
6560 27
6528 27
6390 27
6382 27
6359 27
6343 27
6247 27
6192 27
6142 27
6091 27
6089 27
6077 27
6028 27
6026 27
5936 27
5929 27
5398 27
5393 27
5209 27
5094 27
4996 27
4963 27
4696 27
4629 27
4081 27
4056 27
4048 27
3998 27
3986 27
3967 27
3964 27
3955 27
3929 27
3907 27
3904 27
3903 27
3754 27
3752 27
3660 27
0949 27
0863 27
0858 27
0843 27
0795 27
0768 27
0756 27
0751 27
0681 27
0597 27
0596 27
0548 27
0543 27
0538 27
0498 27
0446 27
0380 27
0299 27
0298 27
0293 27
0266 27
0095 27
9948 26
9906 26
9857 26
9835 26
9748 26
9730 26
9694 26
9673 26
9643 26
9616 26
9509 26
9477 26
9467 26
9459 26
9436 26
9435 26
9434 26
9429 26
9415 26
9402 26
9375 26
9307 26
9236 26
9035 26
9033 26
8995 26
8953 26
8746 26
8718 26
8714 26
8680 26
8634 26
8548 26
8496 26
8396 26
8374 26
8364 26
8329 26
8167 26
7947 26
7937 26
7843 26
7740 26
7695 26
7652 26
7593 26
7554 26
7495 26
7438 26
7434 26
7348 26
7046 26
7038 26
6834 26
6734 26
6729 26
6434 26
6403 26
6307 26
6306 26
6296 26
6197 26
6138 26
6076 26
6055 26
6041 26
5956 26
5497 26
5389 26
5373 26
5328 26
5196 26
5099 26
5068 26
4970 26
4930 26
4927 26
4764 26
4703 26
4097 26
4093 26
3934 26
3872 26
3796 26
3086 26
3076 26
3049 26
0964 26
0860 26
0853 26
0845 26
0736 26
0679 26
0671 26
0651 26
0480 26
0392 26
0384 26
9833 25
9768 25
9743 25
9650 25
9617 25
9564 25
9386 25
9385 25
9360 25
9353 25
9352 25
9313 25
9289 25
9245 25
9108 25
9034 25
9032 25
8983 25
8941 25
8935 25
8837 25
8795 25
8776 25
8735 25
8643 25
8635 25
8498 25
8493 25
8296 25
8259 25
8072 25
8048 25
7967 25
7629 25
7549 25
7460 25
7450 25
7362 25
7340 25
7148 25
7043 25
6937 25
6856 25
6738 25
6720 25
6695 25
6440 25
6237 25
6167 25
6137 25
6085 25
5996 25
5994 25
5948 25
5838 25
5376 25
5086 25
4928 25
4839 25
4730 25
4634 25
4309 25
4079 25
4073 25
4064 25
4037 25
3980 25
3772 25
3768 25
3063 25
3046 25
2894 25
0960 25
0894 25
0842 25
0836 25
0784 25
0766 25
0745 25
0693 25
0643 25
0575 25
0499 25
0496 25
0381 25
0374 25
0294 25
0261 25
0146 25
9928 24
9892 24
9816 24
9769 24
9702 24
9626 24
9607 24
9572 24
9468 24
9445 24
9384 24
9380 24
9358 24
9257 24
9246 24
9241 24
9206 24
9183 24
9130 24
8960 24
8794 24
8747 24
8725 24
8697 24
8653 24
8619 24
8568 24
8362 24
8174 24
8064 24
8043 24
8041 24
7994 24
7834 24
7683 24
7618 24
7493 24
7435 24
7370 24
7037 24
6929 24
6927 24
6905 24
6893 24
6862 24
6823 24
6818 24
6804 24
6748 24
6727 24
6594 24
6194 24
6182 24
6072 24
6053 24
6052 24
5749 24
5729 24
5097 24
4704 24
3950 24
3932 24
3898 24
3873 24
3809 24
3091 24
0855 24
0749 24
0743 24
0674 24
0646 24
0595 24
0492 24
0443 24
0393 24
0389 24
9926 23
9893 23
9846 23
9679 23
9624 23
9549 23
9433 23
9407 23
9287 23
9269 23
9249 23
9141 23
9139 23
9085 23
9049 23
9046 23
8736 23
8443 23
8395 23
8278 23
8097 23
7990 23
7948 23
7930 23
7597 23
7439 23
7396 23
7360 23
7358 23
7346 23
7196 23
7064 23
7059 23
6735 23
6573 23
6495 23
6408 23
6394 23
6346 23
6086 23
5982 23
5935 23
5817 23
5726 23
5549 23
5073 23
4962 23
4618 23
4604 23
4603 23
4305 23
0961 23
0762 23
0735 23
0659 23
0537 23
0438 23
0436 23
0362 23
0296 23
0292 23
9861 22
9728 22
9640 22
9446 22
9351 22
9107 22
9063 22
8952 22
8903 22
8394 22
8349 22
8339 22
8294 22
7628 22
7350 22
7194 22
7041 22
6736 22
6438 22
6229 22
6139 22
6071 22
6058 22
6038 22
5934 22
4085 22
3093 22
0947 22
0760 22
0692 22
9682 21
9670 21
9645 21
9574 21
9419 21
9302 21
9228 21
9209 21
9208 21
9207 21
9205 21
9174 21
9149 21
9066 21
9036 21
8961 21
8926 21
8829 21
8739 21
8638 21
8637 21
8578 21
8074 21
8061 21
8057 21
7838 21
7698 21
7635 21
7052 21
6935 21
6826 21
6807 21
6792 21
6706 21
6538 21
6384 21
6376 21
6303 21
6193 21
5706 21
4904 21
4392 21
2493 21
0839 21
0673 21
0672 21
0670 21
9839 20
9759 20
9735 20
9703 20
9615 20
9409 20
9364 20
9361 20
9305 20
9048 20
9037 20
8743 20
8344 20
8095 20
8059 20
7962 20
7830 20
7639 20
7461 20
7149 20
7056 20
6863 20
6853 20
6843 20
6817 20
6763 20
6732 20
6439 20
6073 20
6056 20
4905 20
4083 20
0940 20
0767 20
0696 20
0589 20
0544 20
9683 19
9681 19
9647 19
9538 19
9528 19
9482 19
9370 19
9185 19
9068 19
9051 19
8737 19
8641 19
8620 19
8376 19
8334 19
7938 19
7339 19
7061 19
6724 19
6492 19
6094 19
6084 19
6079 19
5194 19
4940 19
0447 19
9726 18
9660 18
9460 18
9391 18
9381 18
9367 18
9359 18
9178 18
9073 18
9064 18
9038 18
8947 18
8839 18
8429 18
8039 18
7094 18
6906 18
6829 18
6805 18
6629 18
6328 18
6092 18
6078 18
6059 18
4761 18
3951 18
0793 18
0746 18
0647 18
0593 18
9940 17
9608 17
9529 17
9469 17
9447 17
8728 17
8076 17
7636 17
7091 17
6726 17
3953 17
0856 17
9737 16
9347 16
9343 16
9265 16
8939 16
8936 16
8738 16
8729 16
8598 16
8356 16
8346 16
6496 16
6297 16
6097 16
6095 16
5928 16
4934 16
0847 16
0763 16
9729 15
9628 15
9550 15
9373 15
9340 15
8973 15
8092 15
7638 15
6096 15
0794 15
9430 14
8636 14
8538 14
7436 14
6994 14
6803 14
6098 14
9938 13
9138 13
8948 13
8437 13
8137 13
8065 13
7693 13
7349 13
7036 13
6039 13
0635 13
9526 12
9159 12
9148 12
9076 12
9071 12
0675 12
9805 11
9695 11
8646 11
8539 11
7065 11
6082 11
3794 11
8557 10
8397 10
8343 10
8146 10
7993 10
6806 10
9539 9
9047 9
8438 9
0439 9
8196 8
7063 8
6093 8
8067 7
7394 7
6827 7
0859 6
9480 5
8957 5
6793 4
8398 3
0738 3
9629 2
7637 2
6835 2
8093 1
8068 0
