(-2.8321, 0.0002, -0.0002, 1, 1, 0.0)
(656615, 656615, 2.4174566988025246e-65)
(-2.5607, 0.0002, 0.0001, 1, 1, 0.0)
(204349, 204350, 6.569699320333593e-19)
(-1.758, 0.0002, 0.0004, 1, 1, 0.0)
(25271, 25272, 0.02859936374563575)
(-0.5854, 0.0002, 0.0007, 1, 1, 0.0)
(5427, 5428, 0.7755517053023893)
(0.3121, 0.0002, 0.001, 1, 1, 0.0)
(1845, 1846, 1.0471401130620865)
(1.0813, 0.0002, 0.0013, 1, 1, 0.0)
(827, 828, 1.0741559143858965)
(1.0365, 0.0002, 0.0016, 1, 1, 0.0)
(459, 460, 1.038793570997168)
(2.5789, 0.0002, 0.0019, 1, 1, 0.0)
(274, 275, 1.0581515225373799)
(-2.8237, 0.0002, -0.0002, 1, 2, 0.0)
(410835, 410835, 4.906202975186097e-41)
(-2.4555, 0.0002, 0.0001, 1, 2, 0.0)
(41427, 41428, 0.00029197693525346506)
(-0.9179, 0.0002, 0.0004, 1, 2, 0.0)
(2765, 2766, 0.8162392099494649)
(1.1441, 0.0002, 0.0007, 1, 2, 0.0)
(489, 490, 1.0457730722912588)
(0.7667, 0.0002, 0.001, 1, 2, 0.0)
(151, 152, 1.0093045938300833)
(1.5859, 0.0002, 0.0013, 1, 2, 0.0)
(64, 65, 1.0081524682874723)
(-0.8421, 0.0002, 0.0016, 1, 2, 0.0)
(29, 30, 0.9980481566314467)
(2.6676, 0.0002, 0.0019, 1, 2, 0.0)
(19, 20, 1.004062598362548)
(-2.8628, 0.0002, -0.0002, 1, 3, 0.0)
(388963, 388963, 2.0340940986258548e-39)
(-2.4596, 0.0002, 0.0001, 1, 3, 0.0)
(10630, 10631, 0.1234589017295589)
(-0.223, 0.0002, 0.0004, 1, 3, 0.0)
(435, 436, 0.9922702568978359)
(3.7588, 0.0002, 0.0007, 1, 3, 0.0)
(73, 74, 1.0221906586921985)
(8.3611, 0.0002, 0.001, 1, 3, 0.0)
(19, 20, 1.012785719018334)
(-44.9762, 0.0002, 0.0013, 1, 3, 0.0)
(5, 6, 0.9821385266780273)
(-2.8885, 0.0002, -0.0002, 1, 4, 0.0)
(361938, 361938, 4.7083310120085546e-37)
(-2.1811, 0.0002, 0.0001, 1, 4, 0.0)
(2880, 2881, 0.6049811584267135)
(2.6059, 0.0002, 0.0004, 1, 4, 0.0)
(87, 88, 1.0183003979381144)
(11.2915, 0.0002, 0.0007, 1, 4, 0.0)
(14, 15, 1.012720983655102)
(-170.0174, 0.0002, 0.001, 1, 4, 0.0)
(2, 3, 0.9729822104484547)
(426.7807, 0.0002, 0.0013, 1, 4, 0.0)
(1, 2, 1.0341424592120971)
(-2.9129, 0.0002, -0.0002, 1, 5, 0.0)
(337713, 337713, 6.583620603646207e-35)
(-1.841, 0.0002, 0.0001, 1, 5, 0.0)
(846, 847, 0.8828424909484571)
(10.977, 0.0002, 0.0004, 1, 5, 0.0)
(22, 23, 1.0194987620949472)
(28.362, 0.0002, 0.0007, 1, 5, 0.0)
(6, 7, 1.0136911968251485)
(-373.0601, 0.0002, 0.001, 1, 5, 0.0)
(1, 2, 0.9701551929964187)
(-2.6965, 0.0002, -0.0002, 2, 1, 0.0)
(144080, 144080, 3.163194552844457e-14)
(-2.5775, 0.0002, 0.0001, 2, 1, 0.0)
(108685, 108686, 1.8450943469234814e-10)
(-1.606, 0.0002, 0.0004, 2, 1, 0.0)
(21465, 21466, 0.06341554821252335)
(0.1377, 0.0002, 0.0007, 2, 1, 0.0)
(4948, 4949, 1.0560067153975154)
(1.3076, 0.0002, 0.001, 2, 1, 0.0)
(1735, 1736, 1.1989895168106952)
(2.6148, 0.0002, 0.0013, 2, 1, 0.0)
(787, 788, 1.1789332183849972)
(1.9953, 0.0002, 0.0016, 2, 1, 0.0)
(444, 445, 1.0734381476510435)
(3.8859, 0.0002, 0.0019, 2, 1, 0.0)
(266, 267, 1.0861923834804659)
(-2.7525, 0.0002, -0.0002, 2, 2, 0.0)
(125385, 125385, 1.0180259068720714e-12)
(-2.5677, 0.0002, 0.0001, 2, 2, 0.0)
(35574, 35575, 0.0006700822006673096)
(-0.5559, 0.0002, 0.0004, 2, 2, 0.0)
(2672, 2673, 0.8879651724639255)
(2.0122, 0.0002, 0.0007, 2, 2, 0.0)
(482, 483, 1.080672871415276)
(1.5371, 0.0002, 0.001, 2, 2, 0.0)
(149, 150, 1.0184894451810385)
(2.4789, 0.0002, 0.0013, 2, 2, 0.0)
(63, 64, 1.012570933427714)
(1.9671, 0.0002, 0.0016, 2, 2, 0.0)
(29, 30, 1.0045737556768695)
(6.9122, 0.0002, 0.0019, 2, 2, 0.0)
(19, 20, 1.0105590329294605)
(-2.7887, 0.0002, -0.0002, 2, 3, 0.0)
(94024, 94024, 7.746963934362719e-10)
(-2.5036, 0.0002, 0.0001, 2, 3, 0.0)
(9654, 9655, 0.14460587201530345)
(1.198, 0.0002, 0.0004, 2, 3, 0.0)
(425, 426, 1.0415703220841552)
(4.337, 0.0002, 0.0007, 2, 3, 0.0)
(71, 72, 1.0249358186797801)
(13.5248, 0.0002, 0.001, 2, 3, 0.0)
(18, 19, 1.019655792141737)
(-46.0051, 0.0002, 0.0013, 2, 3, 0.0)
(5, 6, 0.9817329176954983)
(-2.8264, 0.0002, -0.0002, 2, 4, 0.0)
(82447, 82447, 7.99698837870189e-09)
(-1.9409, 0.0002, 0.0001, 2, 4, 0.0)
(2750, 2751, 0.6524370762692483)
(5.5172, 0.0002, 0.0004, 2, 4, 0.0)
(87, 88, 1.0391375898709332)
(13.2353, 0.0002, 0.0007, 2, 4, 0.0)
(14, 15, 1.0149259527661227)
(-170.4928, 0.0002, 0.001, 2, 4, 0.0)
(2, 3, 0.9729071925447964)
(426.7807, 0.0002, 0.0013, 2, 4, 0.0)
(1, 2, 1.0341424592120971)
(-2.8691, 0.0002, -0.0002, 2, 5, 0.0)
(77731, 77731, 1.7805181094952282e-08)
(-1.0954, 0.0002, 0.0001, 2, 5, 0.0)
(824, 825, 0.9303350003442998)
(7.7642, 0.0002, 0.0004, 2, 5, 0.0)
(22, 23, 1.0137544726403493)
(25.5933, 0.0002, 0.0007, 2, 5, 0.0)
(6, 7, 1.0123478601793896)
(-373.0601, 0.0002, 0.001, 2, 5, 0.0)
(1, 2, 0.9701551929964187)
(-2.5219, 0.0002, -0.0002, 3, 1, 0.0)
(20949, 20949, 0.014596658656461552)
(-2.5218, 0.0002, 0.0001, 3, 1, 0.0)
(20398, 20398, 0.01631736691178598)
(-1.443, 0.0002, 0.0004, 3, 1, 0.0)
(11423, 11424, 0.2674754345481899)
(1.9064, 0.0002, 0.0007, 3, 1, 0.0)
(3788, 3789, 1.7818854132276085)
(4.292, 0.0002, 0.001, 3, 1, 0.0)
(1512, 1513, 1.6804727161622315)
(5.7282, 0.0002, 0.0013, 3, 1, 0.0)
(740, 741, 1.403585163962053)
(4.016, 0.0002, 0.0016, 3, 1, 0.0)
(433, 434, 1.1492307490659508)
(5.4469, 0.0002, 0.0019, 3, 1, 0.0)
(262, 263, 1.1209112526564253)
(-2.6866, 0.0002, -0.0002, 3, 2, 0.0)
(19838, 19838, 0.014062487484715131)
(-2.7796, 0.0002, 0.0001, 3, 2, 0.0)
(15286, 15286, 0.03339009288104678)
(0.5166, 0.0002, 0.0004, 3, 2, 0.0)
(2320, 2321, 1.1006275380694541)
(5.6595, 0.0002, 0.0007, 3, 2, 0.0)
(459, 460, 1.2309288657576143)
(4.2246, 0.0002, 0.001, 3, 2, 0.0)
(147, 148, 1.0509276393434088)
(8.8184, 0.0002, 0.0013, 3, 2, 0.0)
(62, 63, 1.0446940594501388)
(12.001, 0.0002, 0.0016, 3, 2, 0.0)
(29, 30, 1.0282198447201747)
(14.694, 0.0002, 0.0019, 3, 2, 0.0)
(19, 20, 1.022572727547918)
(-2.795, 0.0002, -0.0002, 3, 3, 0.0)
(17818, 17818, 0.018599756487587812)
(-2.5478, 0.0002, 0.0001, 3, 3, 0.0)
(6873, 6874, 0.24634865057698813)
(4.4372, 0.0002, 0.0004, 3, 3, 0.0)
(409, 410, 1.1562225285515806)
(7.7824, 0.0002, 0.0007, 3, 3, 0.0)
(70, 71, 1.0445309462288053)
(21.3349, 0.0002, 0.001, 3, 3, 0.0)
(18, 19, 1.0311719874805432)
(-33.7045, 0.0002, 0.0013, 3, 3, 0.0)
(5, 6, 0.9865906943026433)
(-2.8039, 0.0002, -0.0002, 3, 4, 0.0)
(11758, 11758, 0.07152033795178116)
(-1.065, 0.0002, 0.0001, 3, 4, 0.0)
(2257, 2258, 0.8250600586569479)
(10.5972, 0.0002, 0.0004, 3, 4, 0.0)
(83, 84, 1.0728680187321267)
(18.4051, 0.0002, 0.0007, 3, 4, 0.0)
(14, 15, 1.0208121431050987)
(-157.1338, 0.0002, 0.001, 3, 4, 0.0)
(2, 3, 0.9750166208046921)
(428.8387, 0.0002, 0.0013, 3, 4, 0.0)
(1, 2, 1.0343070922550348)
(-2.8478, 0.0002, -0.0002, 3, 5, 0.0)
(11128, 11128, 0.07922028654705306)
(1.3662, 0.0002, 0.0001, 3, 5, 0.0)
(761, 762, 1.0867274123232138)
(18.2075, 0.0002, 0.0004, 3, 5, 0.0)
(22, 23, 1.0325401464402055)
(44.7962, 0.0002, 0.0007, 3, 5, 0.0)
(6, 7, 1.0216957560022697)
(-371.1295, 0.0002, 0.001, 3, 5, 0.0)
(1, 2, 0.9703096394173367)
(-2.4314, 0.0002, -0.0002, 4, 1, 0.0)
(2425, 2425, 0.6239171642605666)
(-2.3091, 0.0002, 0.0001, 4, 1, 0.0)
(2411, 2411, 0.6405586542525803)
(-1.6492, 0.0002, 0.0004, 4, 1, 0.0)
(2224, 2225, 0.7456844254058825)
(3.3901, 0.0002, 0.0007, 4, 1, 0.0)
(1556, 1557, 1.5249186020706782)
(8.7156, 0.0002, 0.001, 4, 1, 0.0)
(930, 931, 1.9121270832203054)
(9.7537, 0.0002, 0.0013, 4, 1, 0.0)
(573, 574, 1.5635104269168605)
(7.7197, 0.0002, 0.0016, 4, 1, 0.0)
(366, 367, 1.2535284038783023)
(6.5971, 0.0002, 0.0019, 4, 1, 0.0)
(238, 239, 1.1338004049256445)
(-2.5706, 0.0002, -0.0002, 4, 2, 0.0)
(2377, 2377, 0.613317086939925)
(-2.9022, 0.0002, 0.0001, 4, 2, 0.0)
(2322, 2322, 0.5832255433956822)
(2.9097, 0.0002, 0.0004, 4, 2, 0.0)
(1227, 1228, 1.330543397053388)
(9.4312, 0.0002, 0.0007, 4, 2, 0.0)
(371, 372, 1.3228809885746011)
(11.5907, 0.0002, 0.001, 4, 2, 0.0)
(135, 136, 1.1332857929859528)
(20.8035, 0.0002, 0.0013, 4, 2, 0.0)
(61, 62, 1.10675976233445)
(23.4283, 0.0002, 0.0016, 4, 2, 0.0)
(29, 30, 1.055804284876029)
(18.7038, 0.0002, 0.0019, 4, 2, 0.0)
(19, 20, 1.0288159216400126)
(-2.7022, 0.0002, -0.0002, 4, 3, 0.0)
(2278, 2278, 0.6110991017691225)
(-2.8501, 0.0002, 0.0001, 4, 3, 0.0)
(1956, 1957, 0.6401628240328958)
(7.9843, 0.0002, 0.0004, 4, 3, 0.0)
(347, 348, 1.2480380632581871)
(9.3159, 0.0002, 0.0007, 4, 3, 0.0)
(68, 69, 1.0519645898188905)
(18.0996, 0.0002, 0.001, 4, 3, 0.0)
(18, 19, 1.0263866431589896)
(-23.445, 0.0002, 0.0013, 4, 3, 0.0)
(5, 6, 0.9906571114914072)
(-2.7472, 0.0002, -0.0002, 4, 4, 0.0)
(1906, 1906, 0.6577462504742222)
(-1.6832, 0.0002, 0.0001, 4, 4, 0.0)
(1147, 1148, 0.856878495060239)
(7.9589, 0.0002, 0.0004, 4, 4, 0.0)
(79, 80, 1.0515698758724474)
(17.7838, 0.0002, 0.0007, 4, 4, 0.0)
(14, 15, 1.0201030833829616)
(-109.8041, 0.0002, 0.001, 4, 4, 0.0)
(2, 3, 0.9825085020502525)
(414.447, 0.0002, 0.0013, 4, 4, 0.0)
(1, 2, 1.0331557605152262)
(-2.5426, 0.0002, -0.0002, 4, 5, 0.0)
(1412, 1412, 0.7503328188606683)
(2.7951, 0.0002, 0.0001, 4, 5, 0.0)
(508, 509, 1.1202832062021058)
(26.8888, 0.0002, 0.0004, 4, 5, 0.0)
(22, 23, 1.0484086709767095)
(29.8347, 0.0002, 0.0007, 4, 5, 0.0)
(6, 7, 1.0144063771075895)
(-386.557, 0.0002, 0.001, 4, 5, 0.0)
(1, 2, 0.9690754431989825)
(-2.1737, 0.0002, -0.0002, 5, 1, 0.0)
(232, 232, 0.9604549135343096)
(-1.9134, 0.0002, 0.0001, 5, 1, 0.0)
(232, 232, 0.9651084570381764)
(-1.3529, 0.0002, 0.0004, 5, 1, 0.0)
(228, 228, 0.9756233891452929)
(7.3921, 0.0002, 0.0007, 5, 1, 0.0)
(223, 223, 1.1409218772402705)
(8.718, 0.0002, 0.001, 5, 1, 0.0)
(202, 202, 1.1512340050359589)
(8.1588, 0.0002, 0.0013, 5, 1, 0.0)
(168, 168, 1.115852919706958)
(19.7864, 0.0002, 0.0016, 5, 1, 0.0)
(140, 140, 1.247863370990511)
(27.6839, 0.0002, 0.0019, 5, 1, 0.0)
(114, 114, 1.2868504879026434)
(-2.114, 0.0002, -0.0002, 5, 2, 0.0)
(231, 231, 0.961683336283535)
(-3.5149, 0.0002, 0.0001, 5, 2, 0.0)
(231, 231, 0.9371014397350728)
(1.7287, 0.0002, 0.0004, 5, 2, 0.0)
(217, 217, 1.0304623519844203)
(6.3814, 0.0002, 0.0007, 5, 2, 0.0)
(154, 154, 1.081770226743652)
(23.944, 0.0002, 0.001, 5, 2, 0.0)
(82, 82, 1.169904938554555)
(50.7332, 0.0002, 0.0013, 5, 2, 0.0)
(48, 48, 1.2146076668939696)
(64.6546, 0.0002, 0.0016, 5, 2, 0.0)
(25, 26, 1.1376627140534314)
(56.5729, 0.0002, 0.0019, 5, 2, 0.0)
(17, 18, 1.0797889679688961)
(-2.3725, 0.0002, -0.0002, 5, 3, 0.0)
(228, 228, 0.9576438928700641)
(0.5175, 0.0002, 0.0001, 5, 3, 0.0)
(223, 223, 1.009275387315129)
(17.8936, 0.0002, 0.0004, 5, 3, 0.0)
(145, 145, 1.2304956983238169)
(18.4939, 0.0002, 0.0007, 5, 3, 0.0)
(53, 53, 1.0815078867138022)
(54.8382, 0.0002, 0.001, 5, 3, 0.0)
(18, 18, 1.0819817745654208)
(-57.855, 0.0002, 0.0013, 5, 3, 0.0)
(5, 6, 0.9770712315976495)
(-2.0933, 0.0002, -0.0002, 5, 4, 0.0)
(208, 208, 0.9657649298707227)
(-1.1522, 0.0002, 0.0001, 5, 4, 0.0)
(193, 193, 0.9823662653501735)
(40.9566, 0.0002, 0.0004, 5, 4, 0.0)
(59, 59, 1.2128818730124573)
(55.7299, 0.0002, 0.0007, 5, 4, 0.0)
(14, 14, 1.0642589611956887)
(-105.0543, 0.0002, 0.001, 5, 4, 0.0)
(2, 3, 0.9832619449962214)
(299.4484, 0.0002, 0.0013, 5, 4, 0.0)
(1, 2, 1.0239558707643817)
(-1.6986, 0.0002, -0.0002, 5, 5, 0.0)
(186, 186, 0.9750401905255314)
(14.0038, 0.0002, 0.0001, 5, 5, 0.0)
(153, 153, 1.1868592249787773)
(45.2859, 0.0002, 0.0004, 5, 5, 0.0)
(21, 21, 1.0789008591571072)
(99.1366, 0.0002, 0.0007, 5, 5, 0.0)
(6, 6, 1.0485390746754266)
(-492.5138, 0.0002, 0.001, 5, 5, 0.0)
(1, 2, 0.9605988967691097)
(-2.8321, 0.0005, -0.0002, 1, 1, 0.0)
(656615, 656615, 2.4174566988025246e-65)
(-2.5607, 0.0005, 0.0001, 1, 1, 0.0)
(204349, 204350, 6.569699320333593e-19)
(-1.758, 0.0005, 0.0004, 1, 1, 0.0)
(25271, 25272, 0.02859936374563575)
(-0.5854, 0.0005, 0.0007, 1, 1, 0.0)
(5427, 5428, 0.7755517053023893)
(0.3121, 0.0005, 0.001, 1, 1, 0.0)
(1845, 1846, 1.0471401130620865)
(1.0813, 0.0005, 0.0013, 1, 1, 0.0)
(827, 828, 1.0741559143858965)
(1.0365, 0.0005, 0.0016, 1, 1, 0.0)
(459, 460, 1.038793570997168)
(2.5789, 0.0005, 0.0019, 1, 1, 0.0)
(274, 275, 1.0581515225373799)
(-2.8237, 0.0005, -0.0002, 1, 2, 0.0)
(410835, 410835, 4.906202975186097e-41)
(-2.4555, 0.0005, 0.0001, 1, 2, 0.0)
(41427, 41428, 0.00029197693525346506)
(-0.9179, 0.0005, 0.0004, 1, 2, 0.0)
(2765, 2766, 0.8162392099494649)
(1.1441, 0.0005, 0.0007, 1, 2, 0.0)
(489, 490, 1.0457730722912588)
(0.7667, 0.0005, 0.001, 1, 2, 0.0)
(151, 152, 1.0093045938300833)
(1.5859, 0.0005, 0.0013, 1, 2, 0.0)
(64, 65, 1.0081524682874723)
(-0.8421, 0.0005, 0.0016, 1, 2, 0.0)
(29, 30, 0.9980481566314467)
(2.6676, 0.0005, 0.0019, 1, 2, 0.0)
(19, 20, 1.004062598362548)
(-2.8628, 0.0005, -0.0002, 1, 3, 0.0)
(388963, 388963, 2.0340940986258548e-39)
(-2.4596, 0.0005, 0.0001, 1, 3, 0.0)
(10630, 10631, 0.1234589017295589)
(-0.223, 0.0005, 0.0004, 1, 3, 0.0)
(435, 436, 0.9922702568978359)
(3.7588, 0.0005, 0.0007, 1, 3, 0.0)
(73, 74, 1.0221906586921985)
(8.3611, 0.0005, 0.001, 1, 3, 0.0)
(19, 20, 1.012785719018334)
(-44.9762, 0.0005, 0.0013, 1, 3, 0.0)
(5, 6, 0.9821385266780273)
(-2.8885, 0.0005, -0.0002, 1, 4, 0.0)
(361938, 361938, 4.7083310120085546e-37)
(-2.1811, 0.0005, 0.0001, 1, 4, 0.0)
(2880, 2881, 0.6049811584267135)
(2.6059, 0.0005, 0.0004, 1, 4, 0.0)
(87, 88, 1.0183003979381144)
(11.2915, 0.0005, 0.0007, 1, 4, 0.0)
(14, 15, 1.012720983655102)
(-170.0174, 0.0005, 0.001, 1, 4, 0.0)
(2, 3, 0.9729822104484547)
(426.7807, 0.0005, 0.0013, 1, 4, 0.0)
(1, 2, 1.0341424592120971)
(-2.9129, 0.0005, -0.0002, 1, 5, 0.0)
(337713, 337713, 6.583620603646207e-35)
(-1.841, 0.0005, 0.0001, 1, 5, 0.0)
(846, 847, 0.8828424909484571)
(10.977, 0.0005, 0.0004, 1, 5, 0.0)
(22, 23, 1.0194987620949472)
(28.362, 0.0005, 0.0007, 1, 5, 0.0)
(6, 7, 1.0136911968251485)
(-373.0601, 0.0005, 0.001, 1, 5, 0.0)
(1, 2, 0.9701551929964187)
(-2.6965, 0.0005, -0.0002, 2, 1, 0.0)
(144080, 144080, 3.163194552844457e-14)
(-2.5775, 0.0005, 0.0001, 2, 1, 0.0)
(108685, 108686, 1.8450943469234814e-10)
(-1.606, 0.0005, 0.0004, 2, 1, 0.0)
(21465, 21466, 0.06341554821252335)
(0.1377, 0.0005, 0.0007, 2, 1, 0.0)
(4948, 4949, 1.0560067153975154)
(1.3076, 0.0005, 0.001, 2, 1, 0.0)
(1735, 1736, 1.1989895168106952)
(2.6148, 0.0005, 0.0013, 2, 1, 0.0)
(787, 788, 1.1789332183849972)
(1.9953, 0.0005, 0.0016, 2, 1, 0.0)
(444, 445, 1.0734381476510435)
(3.8859, 0.0005, 0.0019, 2, 1, 0.0)
(266, 267, 1.0861923834804659)
(-2.7525, 0.0005, -0.0002, 2, 2, 0.0)
(125385, 125385, 1.0180259068720714e-12)
(-2.5677, 0.0005, 0.0001, 2, 2, 0.0)
(35574, 35575, 0.0006700822006673096)
(-0.5559, 0.0005, 0.0004, 2, 2, 0.0)
(2672, 2673, 0.8879651724639255)
(2.0122, 0.0005, 0.0007, 2, 2, 0.0)
(482, 483, 1.080672871415276)
(1.5371, 0.0005, 0.001, 2, 2, 0.0)
(149, 150, 1.0184894451810385)
(2.4789, 0.0005, 0.0013, 2, 2, 0.0)
(63, 64, 1.012570933427714)
(1.9671, 0.0005, 0.0016, 2, 2, 0.0)
(29, 30, 1.0045737556768695)
(6.9122, 0.0005, 0.0019, 2, 2, 0.0)
(19, 20, 1.0105590329294605)
(-2.7887, 0.0005, -0.0002, 2, 3, 0.0)
(94024, 94024, 7.746963934362719e-10)
(-2.5036, 0.0005, 0.0001, 2, 3, 0.0)
(9654, 9655, 0.14460587201530345)
(1.198, 0.0005, 0.0004, 2, 3, 0.0)
(425, 426, 1.0415703220841552)
(4.337, 0.0005, 0.0007, 2, 3, 0.0)
(71, 72, 1.0249358186797801)
(13.5248, 0.0005, 0.001, 2, 3, 0.0)
(18, 19, 1.019655792141737)
(-46.0051, 0.0005, 0.0013, 2, 3, 0.0)
(5, 6, 0.9817329176954983)
(-2.8264, 0.0005, -0.0002, 2, 4, 0.0)
(82447, 82447, 7.99698837870189e-09)
(-1.9409, 0.0005, 0.0001, 2, 4, 0.0)
(2750, 2751, 0.6524370762692483)
(5.5172, 0.0005, 0.0004, 2, 4, 0.0)
(87, 88, 1.0391375898709332)
(13.2353, 0.0005, 0.0007, 2, 4, 0.0)
(14, 15, 1.0149259527661227)
(-170.4928, 0.0005, 0.001, 2, 4, 0.0)
(2, 3, 0.9729071925447964)
(426.7807, 0.0005, 0.0013, 2, 4, 0.0)
(1, 2, 1.0341424592120971)
(-2.8691, 0.0005, -0.0002, 2, 5, 0.0)
(77731, 77731, 1.7805181094952282e-08)
(-1.0954, 0.0005, 0.0001, 2, 5, 0.0)
(824, 825, 0.9303350003442998)
(7.7642, 0.0005, 0.0004, 2, 5, 0.0)
(22, 23, 1.0137544726403493)
(25.5933, 0.0005, 0.0007, 2, 5, 0.0)
(6, 7, 1.0123478601793896)
(-373.0601, 0.0005, 0.001, 2, 5, 0.0)
(1, 2, 0.9701551929964187)
(-2.5219, 0.0005, -0.0002, 3, 1, 0.0)
(20949, 20949, 0.014596658656461552)
(-2.5218, 0.0005, 0.0001, 3, 1, 0.0)
(20398, 20398, 0.01631736691178598)
(-1.443, 0.0005, 0.0004, 3, 1, 0.0)
(11423, 11424, 0.2674754345481899)
(1.9064, 0.0005, 0.0007, 3, 1, 0.0)
(3788, 3789, 1.7818854132276085)
(4.292, 0.0005, 0.001, 3, 1, 0.0)
(1512, 1513, 1.6804727161622315)
(5.7282, 0.0005, 0.0013, 3, 1, 0.0)
(740, 741, 1.403585163962053)
(4.016, 0.0005, 0.0016, 3, 1, 0.0)
(433, 434, 1.1492307490659508)
(5.4469, 0.0005, 0.0019, 3, 1, 0.0)
(262, 263, 1.1209112526564253)
(-2.6866, 0.0005, -0.0002, 3, 2, 0.0)
(19838, 19838, 0.014062487484715131)
(-2.7796, 0.0005, 0.0001, 3, 2, 0.0)
(15286, 15286, 0.03339009288104678)
(0.5166, 0.0005, 0.0004, 3, 2, 0.0)
(2320, 2321, 1.1006275380694541)
(5.6595, 0.0005, 0.0007, 3, 2, 0.0)
(459, 460, 1.2309288657576143)
(4.2246, 0.0005, 0.001, 3, 2, 0.0)
(147, 148, 1.0509276393434088)
(8.8184, 0.0005, 0.0013, 3, 2, 0.0)
(62, 63, 1.0446940594501388)
(12.001, 0.0005, 0.0016, 3, 2, 0.0)
(29, 30, 1.0282198447201747)
(14.694, 0.0005, 0.0019, 3, 2, 0.0)
(19, 20, 1.022572727547918)
(-2.795, 0.0005, -0.0002, 3, 3, 0.0)
(17818, 17818, 0.018599756487587812)
(-2.5478, 0.0005, 0.0001, 3, 3, 0.0)
(6873, 6874, 0.24634865057698813)
(4.4372, 0.0005, 0.0004, 3, 3, 0.0)
(409, 410, 1.1562225285515806)
(7.7824, 0.0005, 0.0007, 3, 3, 0.0)
(70, 71, 1.0445309462288053)
(21.3349, 0.0005, 0.001, 3, 3, 0.0)
(18, 19, 1.0311719874805432)
(-33.7045, 0.0005, 0.0013, 3, 3, 0.0)
(5, 6, 0.9865906943026433)
(-2.8039, 0.0005, -0.0002, 3, 4, 0.0)
(11758, 11758, 0.07152033795178116)
(-1.065, 0.0005, 0.0001, 3, 4, 0.0)
(2257, 2258, 0.8250600586569479)
(10.5972, 0.0005, 0.0004, 3, 4, 0.0)
(83, 84, 1.0728680187321267)
(18.4051, 0.0005, 0.0007, 3, 4, 0.0)
(14, 15, 1.0208121431050987)
(-157.1338, 0.0005, 0.001, 3, 4, 0.0)
(2, 3, 0.9750166208046921)
(428.8387, 0.0005, 0.0013, 3, 4, 0.0)
(1, 2, 1.0343070922550348)
(-2.8478, 0.0005, -0.0002, 3, 5, 0.0)
(11128, 11128, 0.07922028654705306)
(1.3662, 0.0005, 0.0001, 3, 5, 0.0)
(761, 762, 1.0867274123232138)
(18.2075, 0.0005, 0.0004, 3, 5, 0.0)
(22, 23, 1.0325401464402055)
(44.7962, 0.0005, 0.0007, 3, 5, 0.0)
(6, 7, 1.0216957560022697)
(-371.1295, 0.0005, 0.001, 3, 5, 0.0)
(1, 2, 0.9703096394173367)
(-2.4314, 0.0005, -0.0002, 4, 1, 0.0)
(2425, 2425, 0.6239171642605666)
(-2.3091, 0.0005, 0.0001, 4, 1, 0.0)
(2411, 2411, 0.6405586542525803)
(-1.6492, 0.0005, 0.0004, 4, 1, 0.0)
(2224, 2225, 0.7456844254058825)
(3.3901, 0.0005, 0.0007, 4, 1, 0.0)
(1556, 1557, 1.5249186020706782)
(8.7156, 0.0005, 0.001, 4, 1, 0.0)
(930, 931, 1.9121270832203054)
(9.7537, 0.0005, 0.0013, 4, 1, 0.0)
(573, 574, 1.5635104269168605)
(7.7197, 0.0005, 0.0016, 4, 1, 0.0)
(366, 367, 1.2535284038783023)
(6.5971, 0.0005, 0.0019, 4, 1, 0.0)
(238, 239, 1.1338004049256445)
(-2.5706, 0.0005, -0.0002, 4, 2, 0.0)
(2377, 2377, 0.613317086939925)
(-2.9022, 0.0005, 0.0001, 4, 2, 0.0)
(2322, 2322, 0.5832255433956822)
(2.9097, 0.0005, 0.0004, 4, 2, 0.0)
(1227, 1228, 1.330543397053388)
(9.4312, 0.0005, 0.0007, 4, 2, 0.0)
(371, 372, 1.3228809885746011)
(11.5907, 0.0005, 0.001, 4, 2, 0.0)
(135, 136, 1.1332857929859528)
(20.8035, 0.0005, 0.0013, 4, 2, 0.0)
(61, 62, 1.10675976233445)
(23.4283, 0.0005, 0.0016, 4, 2, 0.0)
(29, 30, 1.055804284876029)
(18.7038, 0.0005, 0.0019, 4, 2, 0.0)
(19, 20, 1.0288159216400126)
(-2.7022, 0.0005, -0.0002, 4, 3, 0.0)
(2278, 2278, 0.6110991017691225)
(-2.8501, 0.0005, 0.0001, 4, 3, 0.0)
(1956, 1957, 0.6401628240328958)
(7.9843, 0.0005, 0.0004, 4, 3, 0.0)
(347, 348, 1.2480380632581871)
(9.3159, 0.0005, 0.0007, 4, 3, 0.0)
(68, 69, 1.0519645898188905)
(18.0996, 0.0005, 0.001, 4, 3, 0.0)
(18, 19, 1.0263866431589896)
(-23.445, 0.0005, 0.0013, 4, 3, 0.0)
(5, 6, 0.9906571114914072)
(-2.7472, 0.0005, -0.0002, 4, 4, 0.0)
(1906, 1906, 0.6577462504742222)
(-1.6832, 0.0005, 0.0001, 4, 4, 0.0)
(1147, 1148, 0.856878495060239)
(7.9589, 0.0005, 0.0004, 4, 4, 0.0)
(79, 80, 1.0515698758724474)
(17.7838, 0.0005, 0.0007, 4, 4, 0.0)
(14, 15, 1.0201030833829616)
(-109.8041, 0.0005, 0.001, 4, 4, 0.0)
(2, 3, 0.9825085020502525)
(414.447, 0.0005, 0.0013, 4, 4, 0.0)
(1, 2, 1.0331557605152262)
(-2.5426, 0.0005, -0.0002, 4, 5, 0.0)
(1412, 1412, 0.7503328188606683)
(2.7951, 0.0005, 0.0001, 4, 5, 0.0)
(508, 509, 1.1202832062021058)
(26.8888, 0.0005, 0.0004, 4, 5, 0.0)
(22, 23, 1.0484086709767095)
(29.8347, 0.0005, 0.0007, 4, 5, 0.0)
(6, 7, 1.0144063771075895)
(-386.557, 0.0005, 0.001, 4, 5, 0.0)
(1, 2, 0.9690754431989825)
(-2.1737, 0.0005, -0.0002, 5, 1, 0.0)
(232, 232, 0.9604549135343096)
(-1.9134, 0.0005, 0.0001, 5, 1, 0.0)
(232, 232, 0.9651084570381764)
(-1.3529, 0.0005, 0.0004, 5, 1, 0.0)
(228, 228, 0.9756233891452929)
(7.3921, 0.0005, 0.0007, 5, 1, 0.0)
(223, 223, 1.1409218772402705)
(8.718, 0.0005, 0.001, 5, 1, 0.0)
(202, 202, 1.1512340050359589)
(8.1588, 0.0005, 0.0013, 5, 1, 0.0)
(168, 168, 1.115852919706958)
(19.7864, 0.0005, 0.0016, 5, 1, 0.0)
(140, 140, 1.247863370990511)
(27.6839, 0.0005, 0.0019, 5, 1, 0.0)
(114, 114, 1.2868504879026434)
(-2.114, 0.0005, -0.0002, 5, 2, 0.0)
(231, 231, 0.961683336283535)
(-3.5149, 0.0005, 0.0001, 5, 2, 0.0)
(231, 231, 0.9371014397350728)
(1.7287, 0.0005, 0.0004, 5, 2, 0.0)
(217, 217, 1.0304623519844203)
(6.3814, 0.0005, 0.0007, 5, 2, 0.0)
(154, 154, 1.081770226743652)
(23.944, 0.0005, 0.001, 5, 2, 0.0)
(82, 82, 1.169904938554555)
(50.7332, 0.0005, 0.0013, 5, 2, 0.0)
(48, 48, 1.2146076668939696)
(64.6546, 0.0005, 0.0016, 5, 2, 0.0)
(25, 26, 1.1376627140534314)
(56.5729, 0.0005, 0.0019, 5, 2, 0.0)
(17, 18, 1.0797889679688961)
(-2.3725, 0.0005, -0.0002, 5, 3, 0.0)
(228, 228, 0.9576438928700641)
(0.5175, 0.0005, 0.0001, 5, 3, 0.0)
(223, 223, 1.009275387315129)
(17.8936, 0.0005, 0.0004, 5, 3, 0.0)
(145, 145, 1.2304956983238169)
(18.4939, 0.0005, 0.0007, 5, 3, 0.0)
(53, 53, 1.0815078867138022)
(54.8382, 0.0005, 0.001, 5, 3, 0.0)
(18, 18, 1.0819817745654208)
(-57.855, 0.0005, 0.0013, 5, 3, 0.0)
(5, 6, 0.9770712315976495)
(-2.0933, 0.0005, -0.0002, 5, 4, 0.0)
(208, 208, 0.9657649298707227)
(-1.1522, 0.0005, 0.0001, 5, 4, 0.0)
(193, 193, 0.9823662653501735)
(40.9566, 0.0005, 0.0004, 5, 4, 0.0)
(59, 59, 1.2128818730124573)
(55.7299, 0.0005, 0.0007, 5, 4, 0.0)
(14, 14, 1.0642589611956887)
(-105.0543, 0.0005, 0.001, 5, 4, 0.0)
(2, 3, 0.9832619449962214)
(299.4484, 0.0005, 0.0013, 5, 4, 0.0)
(1, 2, 1.0239558707643817)
(-1.6986, 0.0005, -0.0002, 5, 5, 0.0)
(186, 186, 0.9750401905255314)
(14.0038, 0.0005, 0.0001, 5, 5, 0.0)
(153, 153, 1.1868592249787773)
(45.2859, 0.0005, 0.0004, 5, 5, 0.0)
(21, 21, 1.0789008591571072)
(99.1366, 0.0005, 0.0007, 5, 5, 0.0)
(6, 6, 1.0485390746754266)
(-492.5138, 0.0005, 0.001, 5, 5, 0.0)
(1, 2, 0.9605988967691097)
(-2.8321, 0.0008, -0.0002, 1, 1, 0.0)
(656615, 656615, 2.4174566988025246e-65)
(-2.5607, 0.0008, 0.0001, 1, 1, 0.0)
(204349, 204350, 6.569699320333593e-19)
(-1.758, 0.0008, 0.0004, 1, 1, 0.0)
(25271, 25272, 0.02859936374563575)
(-0.5854, 0.0008, 0.0007, 1, 1, 0.0)
(5427, 5428, 0.7755517053023893)
(0.3121, 0.0008, 0.001, 1, 1, 0.0)
(1845, 1846, 1.0471401130620865)
(1.0813, 0.0008, 0.0013, 1, 1, 0.0)
(827, 828, 1.0741559143858965)
(1.0365, 0.0008, 0.0016, 1, 1, 0.0)
(459, 460, 1.038793570997168)
(2.5789, 0.0008, 0.0019, 1, 1, 0.0)
(274, 275, 1.0581515225373799)
(-2.8237, 0.0008, -0.0002, 1, 2, 0.0)
(410835, 410835, 4.906202975186097e-41)
(-2.4555, 0.0008, 0.0001, 1, 2, 0.0)
(41427, 41428, 0.00029197693525346506)
(-0.9179, 0.0008, 0.0004, 1, 2, 0.0)
(2765, 2766, 0.8162392099494649)
(1.1441, 0.0008, 0.0007, 1, 2, 0.0)
(489, 490, 1.0457730722912588)
(0.7667, 0.0008, 0.001, 1, 2, 0.0)
(151, 152, 1.0093045938300833)
(1.5859, 0.0008, 0.0013, 1, 2, 0.0)
(64, 65, 1.0081524682874723)
(-0.8421, 0.0008, 0.0016, 1, 2, 0.0)
(29, 30, 0.9980481566314467)
(2.6676, 0.0008, 0.0019, 1, 2, 0.0)
(19, 20, 1.004062598362548)
(-2.8628, 0.0008, -0.0002, 1, 3, 0.0)
(388963, 388963, 2.0340940986258548e-39)
(-2.4596, 0.0008, 0.0001, 1, 3, 0.0)
(10630, 10631, 0.1234589017295589)
(-0.223, 0.0008, 0.0004, 1, 3, 0.0)
(435, 436, 0.9922702568978359)
(3.7588, 0.0008, 0.0007, 1, 3, 0.0)
(73, 74, 1.0221906586921985)
(8.3611, 0.0008, 0.001, 1, 3, 0.0)
(19, 20, 1.012785719018334)
(-44.9762, 0.0008, 0.0013, 1, 3, 0.0)
(5, 6, 0.9821385266780273)
(-2.8885, 0.0008, -0.0002, 1, 4, 0.0)
(361938, 361938, 4.7083310120085546e-37)
(-2.1811, 0.0008, 0.0001, 1, 4, 0.0)
(2880, 2881, 0.6049811584267135)
(2.6059, 0.0008, 0.0004, 1, 4, 0.0)
(87, 88, 1.0183003979381144)
(11.2915, 0.0008, 0.0007, 1, 4, 0.0)
(14, 15, 1.012720983655102)
(-170.0174, 0.0008, 0.001, 1, 4, 0.0)
(2, 3, 0.9729822104484547)
(426.7807, 0.0008, 0.0013, 1, 4, 0.0)
(1, 2, 1.0341424592120971)
(-2.9129, 0.0008, -0.0002, 1, 5, 0.0)
(337713, 337713, 6.583620603646207e-35)
(-1.841, 0.0008, 0.0001, 1, 5, 0.0)
(846, 847, 0.8828424909484571)
(10.977, 0.0008, 0.0004, 1, 5, 0.0)
(22, 23, 1.0194987620949472)
(28.362, 0.0008, 0.0007, 1, 5, 0.0)
(6, 7, 1.0136911968251485)
(-373.0601, 0.0008, 0.001, 1, 5, 0.0)
(1, 2, 0.9701551929964187)
(-2.6965, 0.0008, -0.0002, 2, 1, 0.0)
(144080, 144080, 3.163194552844457e-14)
(-2.5775, 0.0008, 0.0001, 2, 1, 0.0)
(108685, 108686, 1.8450943469234814e-10)
(-1.606, 0.0008, 0.0004, 2, 1, 0.0)
(21465, 21466, 0.06341554821252335)
(0.1377, 0.0008, 0.0007, 2, 1, 0.0)
(4948, 4949, 1.0560067153975154)
(1.3076, 0.0008, 0.001, 2, 1, 0.0)
(1735, 1736, 1.1989895168106952)
(2.6148, 0.0008, 0.0013, 2, 1, 0.0)
(787, 788, 1.1789332183849972)
(1.9953, 0.0008, 0.0016, 2, 1, 0.0)
(444, 445, 1.0734381476510435)
(3.8859, 0.0008, 0.0019, 2, 1, 0.0)
(266, 267, 1.0861923834804659)
(-2.7525, 0.0008, -0.0002, 2, 2, 0.0)
(125385, 125385, 1.0180259068720714e-12)
(-2.5677, 0.0008, 0.0001, 2, 2, 0.0)
(35574, 35575, 0.0006700822006673096)
(-0.5559, 0.0008, 0.0004, 2, 2, 0.0)
(2672, 2673, 0.8879651724639255)
(2.0122, 0.0008, 0.0007, 2, 2, 0.0)
(482, 483, 1.080672871415276)
(1.5371, 0.0008, 0.001, 2, 2, 0.0)
(149, 150, 1.0184894451810385)
(2.4789, 0.0008, 0.0013, 2, 2, 0.0)
(63, 64, 1.012570933427714)
(1.9671, 0.0008, 0.0016, 2, 2, 0.0)
(29, 30, 1.0045737556768695)
(6.9122, 0.0008, 0.0019, 2, 2, 0.0)
(19, 20, 1.0105590329294605)
(-2.7887, 0.0008, -0.0002, 2, 3, 0.0)
(94024, 94024, 7.746963934362719e-10)
(-2.5036, 0.0008, 0.0001, 2, 3, 0.0)
(9654, 9655, 0.14460587201530345)
(1.198, 0.0008, 0.0004, 2, 3, 0.0)
(425, 426, 1.0415703220841552)
(4.337, 0.0008, 0.0007, 2, 3, 0.0)
(71, 72, 1.0249358186797801)
(13.5248, 0.0008, 0.001, 2, 3, 0.0)
(18, 19, 1.019655792141737)
(-46.0051, 0.0008, 0.0013, 2, 3, 0.0)
(5, 6, 0.9817329176954983)
(-2.8264, 0.0008, -0.0002, 2, 4, 0.0)
(82447, 82447, 7.99698837870189e-09)
(-1.9409, 0.0008, 0.0001, 2, 4, 0.0)
(2750, 2751, 0.6524370762692483)
(5.5172, 0.0008, 0.0004, 2, 4, 0.0)
(87, 88, 1.0391375898709332)
(13.2353, 0.0008, 0.0007, 2, 4, 0.0)
(14, 15, 1.0149259527661227)
(-170.4928, 0.0008, 0.001, 2, 4, 0.0)
(2, 3, 0.9729071925447964)
(426.7807, 0.0008, 0.0013, 2, 4, 0.0)
(1, 2, 1.0341424592120971)
(-2.8691, 0.0008, -0.0002, 2, 5, 0.0)
(77731, 77731, 1.7805181094952282e-08)
(-1.0954, 0.0008, 0.0001, 2, 5, 0.0)
(824, 825, 0.9303350003442998)
(7.7642, 0.0008, 0.0004, 2, 5, 0.0)
(22, 23, 1.0137544726403493)
(25.5933, 0.0008, 0.0007, 2, 5, 0.0)
(6, 7, 1.0123478601793896)
(-373.0601, 0.0008, 0.001, 2, 5, 0.0)
(1, 2, 0.9701551929964187)
(-2.5219, 0.0008, -0.0002, 3, 1, 0.0)
(20949, 20949, 0.014596658656461552)
(-2.5218, 0.0008, 0.0001, 3, 1, 0.0)
(20398, 20398, 0.01631736691178598)
(-1.443, 0.0008, 0.0004, 3, 1, 0.0)
(11423, 11424, 0.2674754345481899)
(1.9064, 0.0008, 0.0007, 3, 1, 0.0)
(3788, 3789, 1.7818854132276085)
(4.292, 0.0008, 0.001, 3, 1, 0.0)
(1512, 1513, 1.6804727161622315)
(5.7282, 0.0008, 0.0013, 3, 1, 0.0)
(740, 741, 1.403585163962053)
(4.016, 0.0008, 0.0016, 3, 1, 0.0)
(433, 434, 1.1492307490659508)
(5.4469, 0.0008, 0.0019, 3, 1, 0.0)
(262, 263, 1.1209112526564253)
(-2.6866, 0.0008, -0.0002, 3, 2, 0.0)
(19838, 19838, 0.014062487484715131)
(-2.7796, 0.0008, 0.0001, 3, 2, 0.0)
(15286, 15286, 0.03339009288104678)
(0.5166, 0.0008, 0.0004, 3, 2, 0.0)
(2320, 2321, 1.1006275380694541)
(5.6595, 0.0008, 0.0007, 3, 2, 0.0)
(459, 460, 1.2309288657576143)
(4.2246, 0.0008, 0.001, 3, 2, 0.0)
(147, 148, 1.0509276393434088)
(8.8184, 0.0008, 0.0013, 3, 2, 0.0)
(62, 63, 1.0446940594501388)
(12.001, 0.0008, 0.0016, 3, 2, 0.0)
(29, 30, 1.0282198447201747)
(14.694, 0.0008, 0.0019, 3, 2, 0.0)
(19, 20, 1.022572727547918)
(-2.795, 0.0008, -0.0002, 3, 3, 0.0)
(17818, 17818, 0.018599756487587812)
(-2.5478, 0.0008, 0.0001, 3, 3, 0.0)
(6873, 6874, 0.24634865057698813)
(4.4372, 0.0008, 0.0004, 3, 3, 0.0)
(409, 410, 1.1562225285515806)
(7.7824, 0.0008, 0.0007, 3, 3, 0.0)
(70, 71, 1.0445309462288053)
(21.3349, 0.0008, 0.001, 3, 3, 0.0)
(18, 19, 1.0311719874805432)
(-33.7045, 0.0008, 0.0013, 3, 3, 0.0)
(5, 6, 0.9865906943026433)
(-2.8039, 0.0008, -0.0002, 3, 4, 0.0)
(11758, 11758, 0.07152033795178116)
(-1.065, 0.0008, 0.0001, 3, 4, 0.0)
(2257, 2258, 0.8250600586569479)
(10.5972, 0.0008, 0.0004, 3, 4, 0.0)
(83, 84, 1.0728680187321267)
(18.4051, 0.0008, 0.0007, 3, 4, 0.0)
(14, 15, 1.0208121431050987)
(-157.1338, 0.0008, 0.001, 3, 4, 0.0)
(2, 3, 0.9750166208046921)
(428.8387, 0.0008, 0.0013, 3, 4, 0.0)
(1, 2, 1.0343070922550348)
(-2.8478, 0.0008, -0.0002, 3, 5, 0.0)
(11128, 11128, 0.07922028654705306)
(1.3662, 0.0008, 0.0001, 3, 5, 0.0)
(761, 762, 1.0867274123232138)
(18.2075, 0.0008, 0.0004, 3, 5, 0.0)
(22, 23, 1.0325401464402055)
(44.7962, 0.0008, 0.0007, 3, 5, 0.0)
(6, 7, 1.0216957560022697)
(-371.1295, 0.0008, 0.001, 3, 5, 0.0)
(1, 2, 0.9703096394173367)
(-2.4314, 0.0008, -0.0002, 4, 1, 0.0)
(2425, 2425, 0.6239171642605666)
(-2.3091, 0.0008, 0.0001, 4, 1, 0.0)
(2411, 2411, 0.6405586542525803)
(-1.6492, 0.0008, 0.0004, 4, 1, 0.0)
(2224, 2225, 0.7456844254058825)
(3.3901, 0.0008, 0.0007, 4, 1, 0.0)
(1556, 1557, 1.5249186020706782)
(8.7156, 0.0008, 0.001, 4, 1, 0.0)
(930, 931, 1.9121270832203054)
(9.7537, 0.0008, 0.0013, 4, 1, 0.0)
(573, 574, 1.5635104269168605)
(7.7197, 0.0008, 0.0016, 4, 1, 0.0)
(366, 367, 1.2535284038783023)
(6.5971, 0.0008, 0.0019, 4, 1, 0.0)
(238, 239, 1.1338004049256445)
(-2.5706, 0.0008, -0.0002, 4, 2, 0.0)
(2377, 2377, 0.613317086939925)
(-2.9022, 0.0008, 0.0001, 4, 2, 0.0)
(2322, 2322, 0.5832255433956822)
(2.9097, 0.0008, 0.0004, 4, 2, 0.0)
(1227, 1228, 1.330543397053388)
(9.4312, 0.0008, 0.0007, 4, 2, 0.0)
(371, 372, 1.3228809885746011)
(11.5907, 0.0008, 0.001, 4, 2, 0.0)
(135, 136, 1.1332857929859528)
(20.8035, 0.0008, 0.0013, 4, 2, 0.0)
(61, 62, 1.10675976233445)
(23.4283, 0.0008, 0.0016, 4, 2, 0.0)
(29, 30, 1.055804284876029)
(18.7038, 0.0008, 0.0019, 4, 2, 0.0)
(19, 20, 1.0288159216400126)
(-2.7022, 0.0008, -0.0002, 4, 3, 0.0)
(2278, 2278, 0.6110991017691225)
(-2.8501, 0.0008, 0.0001, 4, 3, 0.0)
(1956, 1957, 0.6401628240328958)
(7.9843, 0.0008, 0.0004, 4, 3, 0.0)
(347, 348, 1.2480380632581871)
(9.3159, 0.0008, 0.0007, 4, 3, 0.0)
(68, 69, 1.0519645898188905)
(18.0996, 0.0008, 0.001, 4, 3, 0.0)
(18, 19, 1.0263866431589896)
(-23.445, 0.0008, 0.0013, 4, 3, 0.0)
(5, 6, 0.9906571114914072)
(-2.7472, 0.0008, -0.0002, 4, 4, 0.0)
(1906, 1906, 0.6577462504742222)
(-1.6832, 0.0008, 0.0001, 4, 4, 0.0)
(1147, 1148, 0.856878495060239)
(7.9589, 0.0008, 0.0004, 4, 4, 0.0)
(79, 80, 1.0515698758724474)
(17.7838, 0.0008, 0.0007, 4, 4, 0.0)
(14, 15, 1.0201030833829616)
(-109.8041, 0.0008, 0.001, 4, 4, 0.0)
(2, 3, 0.9825085020502525)
(414.447, 0.0008, 0.0013, 4, 4, 0.0)
(1, 2, 1.0331557605152262)
(-2.5426, 0.0008, -0.0002, 4, 5, 0.0)
(1412, 1412, 0.7503328188606683)
(2.7951, 0.0008, 0.0001, 4, 5, 0.0)
(508, 509, 1.1202832062021058)
(26.8888, 0.0008, 0.0004, 4, 5, 0.0)
(22, 23, 1.0484086709767095)
(29.8347, 0.0008, 0.0007, 4, 5, 0.0)
(6, 7, 1.0144063771075895)
(-386.557, 0.0008, 0.001, 4, 5, 0.0)
(1, 2, 0.9690754431989825)
(-2.1737, 0.0008, -0.0002, 5, 1, 0.0)
(232, 232, 0.9604549135343096)
(-1.9134, 0.0008, 0.0001, 5, 1, 0.0)
(232, 232, 0.9651084570381764)
(-1.3529, 0.0008, 0.0004, 5, 1, 0.0)
(228, 228, 0.9756233891452929)
(7.3921, 0.0008, 0.0007, 5, 1, 0.0)
(223, 223, 1.1409218772402705)
(8.718, 0.0008, 0.001, 5, 1, 0.0)
(202, 202, 1.1512340050359589)
(8.1588, 0.0008, 0.0013, 5, 1, 0.0)
(168, 168, 1.115852919706958)
(19.7864, 0.0008, 0.0016, 5, 1, 0.0)
(140, 140, 1.247863370990511)
(27.6839, 0.0008, 0.0019, 5, 1, 0.0)
(114, 114, 1.2868504879026434)
(-2.114, 0.0008, -0.0002, 5, 2, 0.0)
(231, 231, 0.961683336283535)
(-3.5149, 0.0008, 0.0001, 5, 2, 0.0)
(231, 231, 0.9371014397350728)
(1.7287, 0.0008, 0.0004, 5, 2, 0.0)
(217, 217, 1.0304623519844203)
(6.3814, 0.0008, 0.0007, 5, 2, 0.0)
(154, 154, 1.081770226743652)
(23.944, 0.0008, 0.001, 5, 2, 0.0)
(82, 82, 1.169904938554555)
(50.7332, 0.0008, 0.0013, 5, 2, 0.0)
(48, 48, 1.2146076668939696)
(64.6546, 0.0008, 0.0016, 5, 2, 0.0)
(25, 26, 1.1376627140534314)
(56.5729, 0.0008, 0.0019, 5, 2, 0.0)
(17, 18, 1.0797889679688961)
(-2.3725, 0.0008, -0.0002, 5, 3, 0.0)
(228, 228, 0.9576438928700641)
(0.5175, 0.0008, 0.0001, 5, 3, 0.0)
(223, 223, 1.009275387315129)
(17.8936, 0.0008, 0.0004, 5, 3, 0.0)
(145, 145, 1.2304956983238169)
(18.4939, 0.0008, 0.0007, 5, 3, 0.0)
(53, 53, 1.0815078867138022)
(54.8382, 0.0008, 0.001, 5, 3, 0.0)
(18, 18, 1.0819817745654208)
(-57.855, 0.0008, 0.0013, 5, 3, 0.0)
(5, 6, 0.9770712315976495)
(-2.0933, 0.0008, -0.0002, 5, 4, 0.0)
(208, 208, 0.9657649298707227)
(-1.1522, 0.0008, 0.0001, 5, 4, 0.0)
(193, 193, 0.9823662653501735)
(40.9566, 0.0008, 0.0004, 5, 4, 0.0)
(59, 59, 1.2128818730124573)
(55.7299, 0.0008, 0.0007, 5, 4, 0.0)
(14, 14, 1.0642589611956887)
(-105.0543, 0.0008, 0.001, 5, 4, 0.0)
(2, 3, 0.9832619449962214)
(299.4484, 0.0008, 0.0013, 5, 4, 0.0)
(1, 2, 1.0239558707643817)
(-1.6986, 0.0008, -0.0002, 5, 5, 0.0)
(186, 186, 0.9750401905255314)
(14.0038, 0.0008, 0.0001, 5, 5, 0.0)
(153, 153, 1.1868592249787773)
(45.2859, 0.0008, 0.0004, 5, 5, 0.0)
(21, 21, 1.0789008591571072)
(99.1366, 0.0008, 0.0007, 5, 5, 0.0)
(6, 6, 1.0485390746754266)
(-492.5138, 0.0008, 0.001, 5, 5, 0.0)
(1, 2, 0.9605988967691097)
(-2.8321, 0.0011, -0.0002, 1, 1, 0.0)
(656615, 656615, 2.4174566988025246e-65)
(-2.5607, 0.0011, 0.0001, 1, 1, 0.0)
(204349, 204350, 6.569699320333593e-19)
(-1.758, 0.0011, 0.0004, 1, 1, 0.0)
(25271, 25272, 0.02859936374563575)
(-0.5854, 0.0011, 0.0007, 1, 1, 0.0)
(5427, 5428, 0.7755517053023893)
(0.3121, 0.0011, 0.001, 1, 1, 0.0)
(1845, 1846, 1.0471401130620865)
(1.0813, 0.0011, 0.0013, 1, 1, 0.0)
(827, 828, 1.0741559143858965)
(1.0365, 0.0011, 0.0016, 1, 1, 0.0)
(459, 460, 1.038793570997168)
(2.5789, 0.0011, 0.0019, 1, 1, 0.0)
(274, 275, 1.0581515225373799)
(-2.8237, 0.0011, -0.0002, 1, 2, 0.0)
(410835, 410835, 4.906202975186097e-41)
(-2.4555, 0.0011, 0.0001, 1, 2, 0.0)
(41427, 41428, 0.00029197693525346506)
(-0.9179, 0.0011, 0.0004, 1, 2, 0.0)
(2765, 2766, 0.8162392099494649)
(1.1441, 0.0011, 0.0007, 1, 2, 0.0)
(489, 490, 1.0457730722912588)
(0.7667, 0.0011, 0.001, 1, 2, 0.0)
(151, 152, 1.0093045938300833)
(1.5859, 0.0011, 0.0013, 1, 2, 0.0)
(64, 65, 1.0081524682874723)
(-0.8421, 0.0011, 0.0016, 1, 2, 0.0)
(29, 30, 0.9980481566314467)
(2.6676, 0.0011, 0.0019, 1, 2, 0.0)
(19, 20, 1.004062598362548)
(-2.8628, 0.0011, -0.0002, 1, 3, 0.0)
(388963, 388963, 2.0340940986258548e-39)
(-2.4596, 0.0011, 0.0001, 1, 3, 0.0)
(10630, 10631, 0.1234589017295589)
(-0.223, 0.0011, 0.0004, 1, 3, 0.0)
(435, 436, 0.9922702568978359)
(3.7588, 0.0011, 0.0007, 1, 3, 0.0)
(73, 74, 1.0221906586921985)
(8.3611, 0.0011, 0.001, 1, 3, 0.0)
(19, 20, 1.012785719018334)
(-44.9762, 0.0011, 0.0013, 1, 3, 0.0)
(5, 6, 0.9821385266780273)
(-2.8885, 0.0011, -0.0002, 1, 4, 0.0)
(361938, 361938, 4.7083310120085546e-37)
(-2.1811, 0.0011, 0.0001, 1, 4, 0.0)
(2880, 2881, 0.6049811584267135)
(2.6059, 0.0011, 0.0004, 1, 4, 0.0)
(87, 88, 1.0183003979381144)
(11.2915, 0.0011, 0.0007, 1, 4, 0.0)
(14, 15, 1.012720983655102)
(-170.0174, 0.0011, 0.001, 1, 4, 0.0)
(2, 3, 0.9729822104484547)
(426.7807, 0.0011, 0.0013, 1, 4, 0.0)
(1, 2, 1.0341424592120971)
(-2.9129, 0.0011, -0.0002, 1, 5, 0.0)
(337713, 337713, 6.583620603646207e-35)
(-1.841, 0.0011, 0.0001, 1, 5, 0.0)
(846, 847, 0.8828424909484571)
(10.977, 0.0011, 0.0004, 1, 5, 0.0)
(22, 23, 1.0194987620949472)
(28.362, 0.0011, 0.0007, 1, 5, 0.0)
(6, 7, 1.0136911968251485)
(-373.0601, 0.0011, 0.001, 1, 5, 0.0)
(1, 2, 0.9701551929964187)
(-2.6965, 0.0011, -0.0002, 2, 1, 0.0)
(144080, 144080, 3.163194552844457e-14)
(-2.5775, 0.0011, 0.0001, 2, 1, 0.0)
(108685, 108686, 1.8450943469234814e-10)
(-1.606, 0.0011, 0.0004, 2, 1, 0.0)
(21465, 21466, 0.06341554821252335)
(0.1377, 0.0011, 0.0007, 2, 1, 0.0)
(4948, 4949, 1.0560067153975154)
(1.3076, 0.0011, 0.001, 2, 1, 0.0)
(1735, 1736, 1.1989895168106952)
(2.6148, 0.0011, 0.0013, 2, 1, 0.0)
(787, 788, 1.1789332183849972)
(1.9953, 0.0011, 0.0016, 2, 1, 0.0)
(444, 445, 1.0734381476510435)
(3.8859, 0.0011, 0.0019, 2, 1, 0.0)
(266, 267, 1.0861923834804659)
(-2.7525, 0.0011, -0.0002, 2, 2, 0.0)
(125385, 125385, 1.0180259068720714e-12)
(-2.5677, 0.0011, 0.0001, 2, 2, 0.0)
(35574, 35575, 0.0006700822006673096)
(-0.5559, 0.0011, 0.0004, 2, 2, 0.0)
(2672, 2673, 0.8879651724639255)
(2.0122, 0.0011, 0.0007, 2, 2, 0.0)
(482, 483, 1.080672871415276)
(1.5371, 0.0011, 0.001, 2, 2, 0.0)
(149, 150, 1.0184894451810385)
(2.4789, 0.0011, 0.0013, 2, 2, 0.0)
(63, 64, 1.012570933427714)
(1.9671, 0.0011, 0.0016, 2, 2, 0.0)
(29, 30, 1.0045737556768695)
(6.9122, 0.0011, 0.0019, 2, 2, 0.0)
(19, 20, 1.0105590329294605)
(-2.7887, 0.0011, -0.0002, 2, 3, 0.0)
(94024, 94024, 7.746963934362719e-10)
(-2.5036, 0.0011, 0.0001, 2, 3, 0.0)
(9654, 9655, 0.14460587201530345)
(1.198, 0.0011, 0.0004, 2, 3, 0.0)
(425, 426, 1.0415703220841552)
(4.337, 0.0011, 0.0007, 2, 3, 0.0)
(71, 72, 1.0249358186797801)
(13.5248, 0.0011, 0.001, 2, 3, 0.0)
(18, 19, 1.019655792141737)
(-46.0051, 0.0011, 0.0013, 2, 3, 0.0)
(5, 6, 0.9817329176954983)
(-2.8264, 0.0011, -0.0002, 2, 4, 0.0)
(82447, 82447, 7.99698837870189e-09)
(-1.9409, 0.0011, 0.0001, 2, 4, 0.0)
(2750, 2751, 0.6524370762692483)
(5.5172, 0.0011, 0.0004, 2, 4, 0.0)
(87, 88, 1.0391375898709332)
(13.2353, 0.0011, 0.0007, 2, 4, 0.0)
(14, 15, 1.0149259527661227)
(-170.4928, 0.0011, 0.001, 2, 4, 0.0)
(2, 3, 0.9729071925447964)
(426.7807, 0.0011, 0.0013, 2, 4, 0.0)
(1, 2, 1.0341424592120971)
(-2.8691, 0.0011, -0.0002, 2, 5, 0.0)
(77731, 77731, 1.7805181094952282e-08)
(-1.0954, 0.0011, 0.0001, 2, 5, 0.0)
(824, 825, 0.9303350003442998)
(7.7642, 0.0011, 0.0004, 2, 5, 0.0)
(22, 23, 1.0137544726403493)
(25.5933, 0.0011, 0.0007, 2, 5, 0.0)
(6, 7, 1.0123478601793896)
(-373.0601, 0.0011, 0.001, 2, 5, 0.0)
(1, 2, 0.9701551929964187)
(-2.5219, 0.0011, -0.0002, 3, 1, 0.0)
(20949, 20949, 0.014596658656461552)
(-2.5218, 0.0011, 0.0001, 3, 1, 0.0)
(20398, 20398, 0.01631736691178598)
(-1.443, 0.0011, 0.0004, 3, 1, 0.0)
(11423, 11424, 0.2674754345481899)
(1.9064, 0.0011, 0.0007, 3, 1, 0.0)
(3788, 3789, 1.7818854132276085)
(4.292, 0.0011, 0.001, 3, 1, 0.0)
(1512, 1513, 1.6804727161622315)
(5.7282, 0.0011, 0.0013, 3, 1, 0.0)
(740, 741, 1.403585163962053)
(4.016, 0.0011, 0.0016, 3, 1, 0.0)
(433, 434, 1.1492307490659508)
(5.4469, 0.0011, 0.0019, 3, 1, 0.0)
(262, 263, 1.1209112526564253)
(-2.6866, 0.0011, -0.0002, 3, 2, 0.0)
(19838, 19838, 0.014062487484715131)
(-2.7796, 0.0011, 0.0001, 3, 2, 0.0)
(15286, 15286, 0.03339009288104678)
(0.5166, 0.0011, 0.0004, 3, 2, 0.0)
(2320, 2321, 1.1006275380694541)
(5.6595, 0.0011, 0.0007, 3, 2, 0.0)
(459, 460, 1.2309288657576143)
(4.2246, 0.0011, 0.001, 3, 2, 0.0)
(147, 148, 1.0509276393434088)
(8.8184, 0.0011, 0.0013, 3, 2, 0.0)
(62, 63, 1.0446940594501388)
(12.001, 0.0011, 0.0016, 3, 2, 0.0)
(29, 30, 1.0282198447201747)
(14.694, 0.0011, 0.0019, 3, 2, 0.0)
(19, 20, 1.022572727547918)
(-2.795, 0.0011, -0.0002, 3, 3, 0.0)
(17818, 17818, 0.018599756487587812)
(-2.5478, 0.0011, 0.0001, 3, 3, 0.0)
(6873, 6874, 0.24634865057698813)
(4.4372, 0.0011, 0.0004, 3, 3, 0.0)
(409, 410, 1.1562225285515806)
(7.7824, 0.0011, 0.0007, 3, 3, 0.0)
(70, 71, 1.0445309462288053)
(21.3349, 0.0011, 0.001, 3, 3, 0.0)
(18, 19, 1.0311719874805432)
(-33.7045, 0.0011, 0.0013, 3, 3, 0.0)
(5, 6, 0.9865906943026433)
(-2.8039, 0.0011, -0.0002, 3, 4, 0.0)
(11758, 11758, 0.07152033795178116)
(-1.065, 0.0011, 0.0001, 3, 4, 0.0)
(2257, 2258, 0.8250600586569479)
(10.5972, 0.0011, 0.0004, 3, 4, 0.0)
(83, 84, 1.0728680187321267)
(18.4051, 0.0011, 0.0007, 3, 4, 0.0)
(14, 15, 1.0208121431050987)
(-157.1338, 0.0011, 0.001, 3, 4, 0.0)
(2, 3, 0.9750166208046921)
(428.8387, 0.0011, 0.0013, 3, 4, 0.0)
(1, 2, 1.0343070922550348)
(-2.8478, 0.0011, -0.0002, 3, 5, 0.0)
(11128, 11128, 0.07922028654705306)
(1.3662, 0.0011, 0.0001, 3, 5, 0.0)
(761, 762, 1.0867274123232138)
(18.2075, 0.0011, 0.0004, 3, 5, 0.0)
(22, 23, 1.0325401464402055)
(44.7962, 0.0011, 0.0007, 3, 5, 0.0)
(6, 7, 1.0216957560022697)
(-371.1295, 0.0011, 0.001, 3, 5, 0.0)
(1, 2, 0.9703096394173367)
(-2.4314, 0.0011, -0.0002, 4, 1, 0.0)
(2425, 2425, 0.6239171642605666)
(-2.3091, 0.0011, 0.0001, 4, 1, 0.0)
(2411, 2411, 0.6405586542525803)
(-1.6492, 0.0011, 0.0004, 4, 1, 0.0)
(2224, 2225, 0.7456844254058825)
(3.3901, 0.0011, 0.0007, 4, 1, 0.0)
(1556, 1557, 1.5249186020706782)
(8.7156, 0.0011, 0.001, 4, 1, 0.0)
(930, 931, 1.9121270832203054)
(9.7537, 0.0011, 0.0013, 4, 1, 0.0)
(573, 574, 1.5635104269168605)
(7.7197, 0.0011, 0.0016, 4, 1, 0.0)
(366, 367, 1.2535284038783023)
(6.5971, 0.0011, 0.0019, 4, 1, 0.0)
(238, 239, 1.1338004049256445)
(-2.5706, 0.0011, -0.0002, 4, 2, 0.0)
(2377, 2377, 0.613317086939925)
(-2.9022, 0.0011, 0.0001, 4, 2, 0.0)
(2322, 2322, 0.5832255433956822)
(2.9097, 0.0011, 0.0004, 4, 2, 0.0)
(1227, 1228, 1.330543397053388)
(9.4312, 0.0011, 0.0007, 4, 2, 0.0)
(371, 372, 1.3228809885746011)
(11.5907, 0.0011, 0.001, 4, 2, 0.0)
(135, 136, 1.1332857929859528)
(20.8035, 0.0011, 0.0013, 4, 2, 0.0)
(61, 62, 1.10675976233445)
(23.4283, 0.0011, 0.0016, 4, 2, 0.0)
(29, 30, 1.055804284876029)
(18.7038, 0.0011, 0.0019, 4, 2, 0.0)
(19, 20, 1.0288159216400126)
(-2.7022, 0.0011, -0.0002, 4, 3, 0.0)
(2278, 2278, 0.6110991017691225)
(-2.8501, 0.0011, 0.0001, 4, 3, 0.0)
(1956, 1957, 0.6401628240328958)
(7.9843, 0.0011, 0.0004, 4, 3, 0.0)
(347, 348, 1.2480380632581871)
(9.3159, 0.0011, 0.0007, 4, 3, 0.0)
(68, 69, 1.0519645898188905)
(18.0996, 0.0011, 0.001, 4, 3, 0.0)
(18, 19, 1.0263866431589896)
(-23.445, 0.0011, 0.0013, 4, 3, 0.0)
(5, 6, 0.9906571114914072)
(-2.7472, 0.0011, -0.0002, 4, 4, 0.0)
(1906, 1906, 0.6577462504742222)
(-1.6832, 0.0011, 0.0001, 4, 4, 0.0)
(1147, 1148, 0.856878495060239)
(7.9589, 0.0011, 0.0004, 4, 4, 0.0)
(79, 80, 1.0515698758724474)
(17.7838, 0.0011, 0.0007, 4, 4, 0.0)
(14, 15, 1.0201030833829616)
(-109.8041, 0.0011, 0.001, 4, 4, 0.0)
(2, 3, 0.9825085020502525)
(414.447, 0.0011, 0.0013, 4, 4, 0.0)
(1, 2, 1.0331557605152262)
(-2.5426, 0.0011, -0.0002, 4, 5, 0.0)
(1412, 1412, 0.7503328188606683)
(2.7951, 0.0011, 0.0001, 4, 5, 0.0)
(508, 509, 1.1202832062021058)
(26.8888, 0.0011, 0.0004, 4, 5, 0.0)
(22, 23, 1.0484086709767095)
(29.8347, 0.0011, 0.0007, 4, 5, 0.0)
(6, 7, 1.0144063771075895)
(-386.557, 0.0011, 0.001, 4, 5, 0.0)
(1, 2, 0.9690754431989825)
(-2.1737, 0.0011, -0.0002, 5, 1, 0.0)
(232, 232, 0.9604549135343096)
(-1.9134, 0.0011, 0.0001, 5, 1, 0.0)
(232, 232, 0.9651084570381764)
(-1.3529, 0.0011, 0.0004, 5, 1, 0.0)
(228, 228, 0.9756233891452929)
(7.3921, 0.0011, 0.0007, 5, 1, 0.0)
(223, 223, 1.1409218772402705)
(8.718, 0.0011, 0.001, 5, 1, 0.0)
(202, 202, 1.1512340050359589)
(8.1588, 0.0011, 0.0013, 5, 1, 0.0)
(168, 168, 1.115852919706958)
(19.7864, 0.0011, 0.0016, 5, 1, 0.0)
(140, 140, 1.247863370990511)
(27.6839, 0.0011, 0.0019, 5, 1, 0.0)
(114, 114, 1.2868504879026434)
(-2.114, 0.0011, -0.0002, 5, 2, 0.0)
(231, 231, 0.961683336283535)
(-3.5149, 0.0011, 0.0001, 5, 2, 0.0)
(231, 231, 0.9371014397350728)
(1.7287, 0.0011, 0.0004, 5, 2, 0.0)
(217, 217, 1.0304623519844203)
(6.3814, 0.0011, 0.0007, 5, 2, 0.0)
(154, 154, 1.081770226743652)
(23.944, 0.0011, 0.001, 5, 2, 0.0)
(82, 82, 1.169904938554555)
(50.7332, 0.0011, 0.0013, 5, 2, 0.0)
(48, 48, 1.2146076668939696)
(64.6546, 0.0011, 0.0016, 5, 2, 0.0)
(25, 26, 1.1376627140534314)
(56.5729, 0.0011, 0.0019, 5, 2, 0.0)
(17, 18, 1.0797889679688961)
(-2.3725, 0.0011, -0.0002, 5, 3, 0.0)
(228, 228, 0.9576438928700641)
(0.5175, 0.0011, 0.0001, 5, 3, 0.0)
(223, 223, 1.009275387315129)
(17.8936, 0.0011, 0.0004, 5, 3, 0.0)
(145, 145, 1.2304956983238169)
(18.4939, 0.0011, 0.0007, 5, 3, 0.0)
(53, 53, 1.0815078867138022)
(54.8382, 0.0011, 0.001, 5, 3, 0.0)
(18, 18, 1.0819817745654208)
(-57.855, 0.0011, 0.0013, 5, 3, 0.0)
(5, 6, 0.9770712315976495)
(-2.0933, 0.0011, -0.0002, 5, 4, 0.0)
(208, 208, 0.9657649298707227)
(-1.1522, 0.0011, 0.0001, 5, 4, 0.0)
(193, 193, 0.9823662653501735)
(40.9566, 0.0011, 0.0004, 5, 4, 0.0)
(59, 59, 1.2128818730124573)
(55.7299, 0.0011, 0.0007, 5, 4, 0.0)
(14, 14, 1.0642589611956887)
(-105.0543, 0.0011, 0.001, 5, 4, 0.0)
(2, 3, 0.9832619449962214)
(299.4484, 0.0011, 0.0013, 5, 4, 0.0)
(1, 2, 1.0239558707643817)
(-1.6986, 0.0011, -0.0002, 5, 5, 0.0)
(186, 186, 0.9750401905255314)
(14.0038, 0.0011, 0.0001, 5, 5, 0.0)
(153, 153, 1.1868592249787773)
(45.2859, 0.0011, 0.0004, 5, 5, 0.0)
(21, 21, 1.0789008591571072)
(99.1366, 0.0011, 0.0007, 5, 5, 0.0)
(6, 6, 1.0485390746754266)
(-492.5138, 0.0011, 0.001, 5, 5, 0.0)
(1, 2, 0.9605988967691097)
(-2.8321, 0.0014, -0.0002, 1, 1, 0.0)
(656615, 656615, 2.4174566988025246e-65)
(-2.5607, 0.0014, 0.0001, 1, 1, 0.0)
(204349, 204350, 6.569699320333593e-19)
(-1.758, 0.0014, 0.0004, 1, 1, 0.0)
(25271, 25272, 0.02859936374563575)
(-0.5854, 0.0014, 0.0007, 1, 1, 0.0)
(5427, 5428, 0.7755517053023893)
(0.3121, 0.0014, 0.001, 1, 1, 0.0)
(1845, 1846, 1.0471401130620865)
(1.0813, 0.0014, 0.0013, 1, 1, 0.0)
(827, 828, 1.0741559143858965)
(1.0365, 0.0014, 0.0016, 1, 1, 0.0)
(459, 460, 1.038793570997168)
(2.5789, 0.0014, 0.0019, 1, 1, 0.0)
(274, 275, 1.0581515225373799)
(-2.8237, 0.0014, -0.0002, 1, 2, 0.0)
(410835, 410835, 4.906202975186097e-41)
(-2.4555, 0.0014, 0.0001, 1, 2, 0.0)
(41427, 41428, 0.00029197693525346506)
(-0.9179, 0.0014, 0.0004, 1, 2, 0.0)
(2765, 2766, 0.8162392099494649)
(1.1441, 0.0014, 0.0007, 1, 2, 0.0)
(489, 490, 1.0457730722912588)
(0.7667, 0.0014, 0.001, 1, 2, 0.0)
(151, 152, 1.0093045938300833)
(1.5859, 0.0014, 0.0013, 1, 2, 0.0)
(64, 65, 1.0081524682874723)
(-0.8421, 0.0014, 0.0016, 1, 2, 0.0)
(29, 30, 0.9980481566314467)
(2.6676, 0.0014, 0.0019, 1, 2, 0.0)
(19, 20, 1.004062598362548)
(-2.8628, 0.0014, -0.0002, 1, 3, 0.0)
(388963, 388963, 2.0340940986258548e-39)
(-2.4596, 0.0014, 0.0001, 1, 3, 0.0)
(10630, 10631, 0.1234589017295589)
(-0.223, 0.0014, 0.0004, 1, 3, 0.0)
(435, 436, 0.9922702568978359)
(3.7588, 0.0014, 0.0007, 1, 3, 0.0)
(73, 74, 1.0221906586921985)
(8.3611, 0.0014, 0.001, 1, 3, 0.0)
(19, 20, 1.012785719018334)
(-44.9762, 0.0014, 0.0013, 1, 3, 0.0)
(5, 6, 0.9821385266780273)
(-2.8885, 0.0014, -0.0002, 1, 4, 0.0)
(361938, 361938, 4.7083310120085546e-37)
(-2.1811, 0.0014, 0.0001, 1, 4, 0.0)
(2880, 2881, 0.6049811584267135)
(2.6059, 0.0014, 0.0004, 1, 4, 0.0)
(87, 88, 1.0183003979381144)
(11.2915, 0.0014, 0.0007, 1, 4, 0.0)
(14, 15, 1.012720983655102)
(-170.0174, 0.0014, 0.001, 1, 4, 0.0)
(2, 3, 0.9729822104484547)
(426.7807, 0.0014, 0.0013, 1, 4, 0.0)
(1, 2, 1.0341424592120971)
(-2.9129, 0.0014, -0.0002, 1, 5, 0.0)
(337713, 337713, 6.583620603646207e-35)
(-1.841, 0.0014, 0.0001, 1, 5, 0.0)
(846, 847, 0.8828424909484571)
(10.977, 0.0014, 0.0004, 1, 5, 0.0)
(22, 23, 1.0194987620949472)
(28.362, 0.0014, 0.0007, 1, 5, 0.0)
(6, 7, 1.0136911968251485)
(-373.0601, 0.0014, 0.001, 1, 5, 0.0)
(1, 2, 0.9701551929964187)
(-2.6965, 0.0014, -0.0002, 2, 1, 0.0)
(144080, 144080, 3.163194552844457e-14)
(-2.5775, 0.0014, 0.0001, 2, 1, 0.0)
(108685, 108686, 1.8450943469234814e-10)
(-1.606, 0.0014, 0.0004, 2, 1, 0.0)
(21465, 21466, 0.06341554821252335)
(0.1377, 0.0014, 0.0007, 2, 1, 0.0)
(4948, 4949, 1.0560067153975154)
(1.3076, 0.0014, 0.001, 2, 1, 0.0)
(1735, 1736, 1.1989895168106952)
(2.6148, 0.0014, 0.0013, 2, 1, 0.0)
(787, 788, 1.1789332183849972)
(1.9953, 0.0014, 0.0016, 2, 1, 0.0)
(444, 445, 1.0734381476510435)
(3.8859, 0.0014, 0.0019, 2, 1, 0.0)
(266, 267, 1.0861923834804659)
(-2.7525, 0.0014, -0.0002, 2, 2, 0.0)
(125385, 125385, 1.0180259068720714e-12)
(-2.5677, 0.0014, 0.0001, 2, 2, 0.0)
(35574, 35575, 0.0006700822006673096)
(-0.5559, 0.0014, 0.0004, 2, 2, 0.0)
(2672, 2673, 0.8879651724639255)
(2.0122, 0.0014, 0.0007, 2, 2, 0.0)
(482, 483, 1.080672871415276)
(1.5371, 0.0014, 0.001, 2, 2, 0.0)
(149, 150, 1.0184894451810385)
(2.4789, 0.0014, 0.0013, 2, 2, 0.0)
(63, 64, 1.012570933427714)
(1.9671, 0.0014, 0.0016, 2, 2, 0.0)
(29, 30, 1.0045737556768695)
(6.9122, 0.0014, 0.0019, 2, 2, 0.0)
(19, 20, 1.0105590329294605)
(-2.7887, 0.0014, -0.0002, 2, 3, 0.0)
(94024, 94024, 7.746963934362719e-10)
(-2.5036, 0.0014, 0.0001, 2, 3, 0.0)
(9654, 9655, 0.14460587201530345)
(1.198, 0.0014, 0.0004, 2, 3, 0.0)
(425, 426, 1.0415703220841552)
(4.337, 0.0014, 0.0007, 2, 3, 0.0)
(71, 72, 1.0249358186797801)
(13.5248, 0.0014, 0.001, 2, 3, 0.0)
(18, 19, 1.019655792141737)
(-46.0051, 0.0014, 0.0013, 2, 3, 0.0)
(5, 6, 0.9817329176954983)
(-2.8264, 0.0014, -0.0002, 2, 4, 0.0)
(82447, 82447, 7.99698837870189e-09)
(-1.9409, 0.0014, 0.0001, 2, 4, 0.0)
(2750, 2751, 0.6524370762692483)
(5.5172, 0.0014, 0.0004, 2, 4, 0.0)
(87, 88, 1.0391375898709332)
(13.2353, 0.0014, 0.0007, 2, 4, 0.0)
(14, 15, 1.0149259527661227)
(-170.4928, 0.0014, 0.001, 2, 4, 0.0)
(2, 3, 0.9729071925447964)
(426.7807, 0.0014, 0.0013, 2, 4, 0.0)
(1, 2, 1.0341424592120971)
(-2.8691, 0.0014, -0.0002, 2, 5, 0.0)
(77731, 77731, 1.7805181094952282e-08)
(-1.0954, 0.0014, 0.0001, 2, 5, 0.0)
(824, 825, 0.9303350003442998)
(7.7642, 0.0014, 0.0004, 2, 5, 0.0)
(22, 23, 1.0137544726403493)
(25.5933, 0.0014, 0.0007, 2, 5, 0.0)
(6, 7, 1.0123478601793896)
(-373.0601, 0.0014, 0.001, 2, 5, 0.0)
(1, 2, 0.9701551929964187)
(-2.5219, 0.0014, -0.0002, 3, 1, 0.0)
(20949, 20949, 0.014596658656461552)
(-2.5218, 0.0014, 0.0001, 3, 1, 0.0)
(20398, 20398, 0.01631736691178598)
(-1.443, 0.0014, 0.0004, 3, 1, 0.0)
(11423, 11424, 0.2674754345481899)
(1.9064, 0.0014, 0.0007, 3, 1, 0.0)
(3788, 3789, 1.7818854132276085)
(4.292, 0.0014, 0.001, 3, 1, 0.0)
(1512, 1513, 1.6804727161622315)
(5.7282, 0.0014, 0.0013, 3, 1, 0.0)
(740, 741, 1.403585163962053)
(4.016, 0.0014, 0.0016, 3, 1, 0.0)
(433, 434, 1.1492307490659508)
(5.4469, 0.0014, 0.0019, 3, 1, 0.0)
(262, 263, 1.1209112526564253)
(-2.6866, 0.0014, -0.0002, 3, 2, 0.0)
(19838, 19838, 0.014062487484715131)
(-2.7796, 0.0014, 0.0001, 3, 2, 0.0)
(15286, 15286, 0.03339009288104678)
(0.5166, 0.0014, 0.0004, 3, 2, 0.0)
(2320, 2321, 1.1006275380694541)
(5.6595, 0.0014, 0.0007, 3, 2, 0.0)
(459, 460, 1.2309288657576143)
(4.2246, 0.0014, 0.001, 3, 2, 0.0)
(147, 148, 1.0509276393434088)
(8.8184, 0.0014, 0.0013, 3, 2, 0.0)
(62, 63, 1.0446940594501388)
(12.001, 0.0014, 0.0016, 3, 2, 0.0)
(29, 30, 1.0282198447201747)
(14.694, 0.0014, 0.0019, 3, 2, 0.0)
(19, 20, 1.022572727547918)
(-2.795, 0.0014, -0.0002, 3, 3, 0.0)
(17818, 17818, 0.018599756487587812)
(-2.5478, 0.0014, 0.0001, 3, 3, 0.0)
(6873, 6874, 0.24634865057698813)
(4.4372, 0.0014, 0.0004, 3, 3, 0.0)
(409, 410, 1.1562225285515806)
(7.7824, 0.0014, 0.0007, 3, 3, 0.0)
(70, 71, 1.0445309462288053)
(21.3349, 0.0014, 0.001, 3, 3, 0.0)
(18, 19, 1.0311719874805432)
(-33.7045, 0.0014, 0.0013, 3, 3, 0.0)
(5, 6, 0.9865906943026433)
(-2.8039, 0.0014, -0.0002, 3, 4, 0.0)
(11758, 11758, 0.07152033795178116)
(-1.065, 0.0014, 0.0001, 3, 4, 0.0)
(2257, 2258, 0.8250600586569479)
(10.5972, 0.0014, 0.0004, 3, 4, 0.0)
(83, 84, 1.0728680187321267)
(18.4051, 0.0014, 0.0007, 3, 4, 0.0)
(14, 15, 1.0208121431050987)
(-157.1338, 0.0014, 0.001, 3, 4, 0.0)
(2, 3, 0.9750166208046921)
(428.8387, 0.0014, 0.0013, 3, 4, 0.0)
(1, 2, 1.0343070922550348)
(-2.8478, 0.0014, -0.0002, 3, 5, 0.0)
(11128, 11128, 0.07922028654705306)
(1.3662, 0.0014, 0.0001, 3, 5, 0.0)
(761, 762, 1.0867274123232138)
(18.2075, 0.0014, 0.0004, 3, 5, 0.0)
(22, 23, 1.0325401464402055)
(44.7962, 0.0014, 0.0007, 3, 5, 0.0)
(6, 7, 1.0216957560022697)
(-371.1295, 0.0014, 0.001, 3, 5, 0.0)
(1, 2, 0.9703096394173367)
(-2.4314, 0.0014, -0.0002, 4, 1, 0.0)
(2425, 2425, 0.6239171642605666)
(-2.3091, 0.0014, 0.0001, 4, 1, 0.0)
(2411, 2411, 0.6405586542525803)
(-1.6492, 0.0014, 0.0004, 4, 1, 0.0)
(2224, 2225, 0.7456844254058825)
(3.3901, 0.0014, 0.0007, 4, 1, 0.0)
(1556, 1557, 1.5249186020706782)
(8.7156, 0.0014, 0.001, 4, 1, 0.0)
(930, 931, 1.9121270832203054)
(9.7537, 0.0014, 0.0013, 4, 1, 0.0)
(573, 574, 1.5635104269168605)
(7.7197, 0.0014, 0.0016, 4, 1, 0.0)
(366, 367, 1.2535284038783023)
(6.5971, 0.0014, 0.0019, 4, 1, 0.0)
(238, 239, 1.1338004049256445)
(-2.5706, 0.0014, -0.0002, 4, 2, 0.0)
(2377, 2377, 0.613317086939925)
(-2.9022, 0.0014, 0.0001, 4, 2, 0.0)
(2322, 2322, 0.5832255433956822)
(2.9097, 0.0014, 0.0004, 4, 2, 0.0)
(1227, 1228, 1.330543397053388)
(9.4312, 0.0014, 0.0007, 4, 2, 0.0)
(371, 372, 1.3228809885746011)
(11.5907, 0.0014, 0.001, 4, 2, 0.0)
(135, 136, 1.1332857929859528)
(20.8035, 0.0014, 0.0013, 4, 2, 0.0)
(61, 62, 1.10675976233445)
(23.4283, 0.0014, 0.0016, 4, 2, 0.0)
(29, 30, 1.055804284876029)
(18.7038, 0.0014, 0.0019, 4, 2, 0.0)
(19, 20, 1.0288159216400126)
(-2.7022, 0.0014, -0.0002, 4, 3, 0.0)
(2278, 2278, 0.6110991017691225)
(-2.8501, 0.0014, 0.0001, 4, 3, 0.0)
(1956, 1957, 0.6401628240328958)
(7.9843, 0.0014, 0.0004, 4, 3, 0.0)
(347, 348, 1.2480380632581871)
(9.3159, 0.0014, 0.0007, 4, 3, 0.0)
(68, 69, 1.0519645898188905)
(18.0996, 0.0014, 0.001, 4, 3, 0.0)
(18, 19, 1.0263866431589896)
(-23.445, 0.0014, 0.0013, 4, 3, 0.0)
(5, 6, 0.9906571114914072)
(-2.7472, 0.0014, -0.0002, 4, 4, 0.0)
(1906, 1906, 0.6577462504742222)
(-1.6832, 0.0014, 0.0001, 4, 4, 0.0)
(1147, 1148, 0.856878495060239)
(7.9589, 0.0014, 0.0004, 4, 4, 0.0)
(79, 80, 1.0515698758724474)
(17.7838, 0.0014, 0.0007, 4, 4, 0.0)
(14, 15, 1.0201030833829616)
(-109.8041, 0.0014, 0.001, 4, 4, 0.0)
(2, 3, 0.9825085020502525)
(414.447, 0.0014, 0.0013, 4, 4, 0.0)
(1, 2, 1.0331557605152262)
(-2.5426, 0.0014, -0.0002, 4, 5, 0.0)
(1412, 1412, 0.7503328188606683)
(2.7951, 0.0014, 0.0001, 4, 5, 0.0)
(508, 509, 1.1202832062021058)
(26.8888, 0.0014, 0.0004, 4, 5, 0.0)
(22, 23, 1.0484086709767095)
(29.8347, 0.0014, 0.0007, 4, 5, 0.0)
(6, 7, 1.0144063771075895)
(-386.557, 0.0014, 0.001, 4, 5, 0.0)
(1, 2, 0.9690754431989825)
(-2.1737, 0.0014, -0.0002, 5, 1, 0.0)
(232, 232, 0.9604549135343096)
(-1.9134, 0.0014, 0.0001, 5, 1, 0.0)
(232, 232, 0.9651084570381764)
(-1.3529, 0.0014, 0.0004, 5, 1, 0.0)
(228, 228, 0.9756233891452929)
(7.3921, 0.0014, 0.0007, 5, 1, 0.0)
(223, 223, 1.1409218772402705)
(8.718, 0.0014, 0.001, 5, 1, 0.0)
(202, 202, 1.1512340050359589)
(8.1588, 0.0014, 0.0013, 5, 1, 0.0)
(168, 168, 1.115852919706958)
(19.7864, 0.0014, 0.0016, 5, 1, 0.0)
(140, 140, 1.247863370990511)
(27.6839, 0.0014, 0.0019, 5, 1, 0.0)
(114, 114, 1.2868504879026434)
(-2.114, 0.0014, -0.0002, 5, 2, 0.0)
(231, 231, 0.961683336283535)
(-3.5149, 0.0014, 0.0001, 5, 2, 0.0)
(231, 231, 0.9371014397350728)
(1.7287, 0.0014, 0.0004, 5, 2, 0.0)
(217, 217, 1.0304623519844203)
(6.3814, 0.0014, 0.0007, 5, 2, 0.0)
(154, 154, 1.081770226743652)
(23.944, 0.0014, 0.001, 5, 2, 0.0)
(82, 82, 1.169904938554555)
(50.7332, 0.0014, 0.0013, 5, 2, 0.0)
(48, 48, 1.2146076668939696)
(64.6546, 0.0014, 0.0016, 5, 2, 0.0)
(25, 26, 1.1376627140534314)
(56.5729, 0.0014, 0.0019, 5, 2, 0.0)
(17, 18, 1.0797889679688961)
(-2.3725, 0.0014, -0.0002, 5, 3, 0.0)
(228, 228, 0.9576438928700641)
(0.5175, 0.0014, 0.0001, 5, 3, 0.0)
(223, 223, 1.009275387315129)
(17.8936, 0.0014, 0.0004, 5, 3, 0.0)
(145, 145, 1.2304956983238169)
(18.4939, 0.0014, 0.0007, 5, 3, 0.0)
(53, 53, 1.0815078867138022)
(54.8382, 0.0014, 0.001, 5, 3, 0.0)
(18, 18, 1.0819817745654208)
(-57.855, 0.0014, 0.0013, 5, 3, 0.0)
(5, 6, 0.9770712315976495)
(-2.0933, 0.0014, -0.0002, 5, 4, 0.0)
(208, 208, 0.9657649298707227)
(-1.1522, 0.0014, 0.0001, 5, 4, 0.0)
(193, 193, 0.9823662653501735)
(40.9566, 0.0014, 0.0004, 5, 4, 0.0)
(59, 59, 1.2128818730124573)
(55.7299, 0.0014, 0.0007, 5, 4, 0.0)
(14, 14, 1.0642589611956887)
(-105.0543, 0.0014, 0.001, 5, 4, 0.0)
(2, 3, 0.9832619449962214)
(299.4484, 0.0014, 0.0013, 5, 4, 0.0)
(1, 2, 1.0239558707643817)
(-1.6986, 0.0014, -0.0002, 5, 5, 0.0)
(186, 186, 0.9750401905255314)
(14.0038, 0.0014, 0.0001, 5, 5, 0.0)
(153, 153, 1.1868592249787773)
(45.2859, 0.0014, 0.0004, 5, 5, 0.0)
(21, 21, 1.0789008591571072)
(99.1366, 0.0014, 0.0007, 5, 5, 0.0)
(6, 6, 1.0485390746754266)
(-492.5138, 0.0014, 0.001, 5, 5, 0.0)
(1, 2, 0.9605988967691097)
(-2.8321, 0.0017, -0.0002, 1, 1, 0.0)
(656615, 656615, 2.4174566988025246e-65)
(-2.5607, 0.0017, 0.0001, 1, 1, 0.0)
(204349, 204350, 6.569699320333593e-19)
(-1.758, 0.0017, 0.0004, 1, 1, 0.0)
(25271, 25272, 0.02859936374563575)
(-0.5854, 0.0017, 0.0007, 1, 1, 0.0)
(5427, 5428, 0.7755517053023893)
(0.3121, 0.0017, 0.001, 1, 1, 0.0)
(1845, 1846, 1.0471401130620865)
(1.0813, 0.0017, 0.0013, 1, 1, 0.0)
(827, 828, 1.0741559143858965)
(1.0365, 0.0017, 0.0016, 1, 1, 0.0)
(459, 460, 1.038793570997168)
(2.5789, 0.0017, 0.0019, 1, 1, 0.0)
(274, 275, 1.0581515225373799)
(-2.8237, 0.0017, -0.0002, 1, 2, 0.0)
(410835, 410835, 4.906202975186097e-41)
(-2.4555, 0.0017, 0.0001, 1, 2, 0.0)
(41427, 41428, 0.00029197693525346506)
(-0.9179, 0.0017, 0.0004, 1, 2, 0.0)
(2765, 2766, 0.8162392099494649)
(1.1441, 0.0017, 0.0007, 1, 2, 0.0)
(489, 490, 1.0457730722912588)
(0.7667, 0.0017, 0.001, 1, 2, 0.0)
(151, 152, 1.0093045938300833)
(1.5859, 0.0017, 0.0013, 1, 2, 0.0)
(64, 65, 1.0081524682874723)
(-0.8421, 0.0017, 0.0016, 1, 2, 0.0)
(29, 30, 0.9980481566314467)
(2.6676, 0.0017, 0.0019, 1, 2, 0.0)
(19, 20, 1.004062598362548)
(-2.8628, 0.0017, -0.0002, 1, 3, 0.0)
(388963, 388963, 2.0340940986258548e-39)
(-2.4596, 0.0017, 0.0001, 1, 3, 0.0)
(10630, 10631, 0.1234589017295589)
(-0.223, 0.0017, 0.0004, 1, 3, 0.0)
(435, 436, 0.9922702568978359)
(3.7588, 0.0017, 0.0007, 1, 3, 0.0)
(73, 74, 1.0221906586921985)
(8.3611, 0.0017, 0.001, 1, 3, 0.0)
(19, 20, 1.012785719018334)
(-44.9762, 0.0017, 0.0013, 1, 3, 0.0)
(5, 6, 0.9821385266780273)
(-2.8885, 0.0017, -0.0002, 1, 4, 0.0)
(361938, 361938, 4.7083310120085546e-37)
(-2.1811, 0.0017, 0.0001, 1, 4, 0.0)
(2880, 2881, 0.6049811584267135)
(2.6059, 0.0017, 0.0004, 1, 4, 0.0)
(87, 88, 1.0183003979381144)
(11.2915, 0.0017, 0.0007, 1, 4, 0.0)
(14, 15, 1.012720983655102)
(-170.0174, 0.0017, 0.001, 1, 4, 0.0)
(2, 3, 0.9729822104484547)
(426.7807, 0.0017, 0.0013, 1, 4, 0.0)
(1, 2, 1.0341424592120971)
(-2.9129, 0.0017, -0.0002, 1, 5, 0.0)
(337713, 337713, 6.583620603646207e-35)
(-1.841, 0.0017, 0.0001, 1, 5, 0.0)
(846, 847, 0.8828424909484571)
(10.977, 0.0017, 0.0004, 1, 5, 0.0)
(22, 23, 1.0194987620949472)
(28.362, 0.0017, 0.0007, 1, 5, 0.0)
(6, 7, 1.0136911968251485)
(-373.0601, 0.0017, 0.001, 1, 5, 0.0)
(1, 2, 0.9701551929964187)
(-2.6965, 0.0017, -0.0002, 2, 1, 0.0)
(144080, 144080, 3.163194552844457e-14)
(-2.5775, 0.0017, 0.0001, 2, 1, 0.0)
(108685, 108686, 1.8450943469234814e-10)
(-1.606, 0.0017, 0.0004, 2, 1, 0.0)
(21465, 21466, 0.06341554821252335)
(0.1377, 0.0017, 0.0007, 2, 1, 0.0)
(4948, 4949, 1.0560067153975154)
(1.3076, 0.0017, 0.001, 2, 1, 0.0)
(1735, 1736, 1.1989895168106952)
(2.6148, 0.0017, 0.0013, 2, 1, 0.0)
(787, 788, 1.1789332183849972)
(1.9953, 0.0017, 0.0016, 2, 1, 0.0)
(444, 445, 1.0734381476510435)
(3.8859, 0.0017, 0.0019, 2, 1, 0.0)
(266, 267, 1.0861923834804659)
(-2.7525, 0.0017, -0.0002, 2, 2, 0.0)
(125385, 125385, 1.0180259068720714e-12)
(-2.5677, 0.0017, 0.0001, 2, 2, 0.0)
(35574, 35575, 0.0006700822006673096)
(-0.5559, 0.0017, 0.0004, 2, 2, 0.0)
(2672, 2673, 0.8879651724639255)
(2.0122, 0.0017, 0.0007, 2, 2, 0.0)
(482, 483, 1.080672871415276)
(1.5371, 0.0017, 0.001, 2, 2, 0.0)
(149, 150, 1.0184894451810385)
(2.4789, 0.0017, 0.0013, 2, 2, 0.0)
(63, 64, 1.012570933427714)
(1.9671, 0.0017, 0.0016, 2, 2, 0.0)
(29, 30, 1.0045737556768695)
(6.9122, 0.0017, 0.0019, 2, 2, 0.0)
(19, 20, 1.0105590329294605)
(-2.7887, 0.0017, -0.0002, 2, 3, 0.0)
(94024, 94024, 7.746963934362719e-10)
(-2.5036, 0.0017, 0.0001, 2, 3, 0.0)
(9654, 9655, 0.14460587201530345)
(1.198, 0.0017, 0.0004, 2, 3, 0.0)
(425, 426, 1.0415703220841552)
(4.337, 0.0017, 0.0007, 2, 3, 0.0)
(71, 72, 1.0249358186797801)
(13.5248, 0.0017, 0.001, 2, 3, 0.0)
(18, 19, 1.019655792141737)
(-46.0051, 0.0017, 0.0013, 2, 3, 0.0)
(5, 6, 0.9817329176954983)
(-2.8264, 0.0017, -0.0002, 2, 4, 0.0)
(82447, 82447, 7.99698837870189e-09)
(-1.9409, 0.0017, 0.0001, 2, 4, 0.0)
(2750, 2751, 0.6524370762692483)
(5.5172, 0.0017, 0.0004, 2, 4, 0.0)
(87, 88, 1.0391375898709332)
(13.2353, 0.0017, 0.0007, 2, 4, 0.0)
(14, 15, 1.0149259527661227)
(-170.4928, 0.0017, 0.001, 2, 4, 0.0)
(2, 3, 0.9729071925447964)
(426.7807, 0.0017, 0.0013, 2, 4, 0.0)
(1, 2, 1.0341424592120971)
(-2.8691, 0.0017, -0.0002, 2, 5, 0.0)
(77731, 77731, 1.7805181094952282e-08)
(-1.0954, 0.0017, 0.0001, 2, 5, 0.0)
(824, 825, 0.9303350003442998)
(7.7642, 0.0017, 0.0004, 2, 5, 0.0)
(22, 23, 1.0137544726403493)
(25.5933, 0.0017, 0.0007, 2, 5, 0.0)
(6, 7, 1.0123478601793896)
(-373.0601, 0.0017, 0.001, 2, 5, 0.0)
(1, 2, 0.9701551929964187)
(-2.5219, 0.0017, -0.0002, 3, 1, 0.0)
(20949, 20949, 0.014596658656461552)
(-2.5218, 0.0017, 0.0001, 3, 1, 0.0)
(20398, 20398, 0.01631736691178598)
(-1.443, 0.0017, 0.0004, 3, 1, 0.0)
(11423, 11424, 0.2674754345481899)
(1.9064, 0.0017, 0.0007, 3, 1, 0.0)
(3788, 3789, 1.7818854132276085)
(4.292, 0.0017, 0.001, 3, 1, 0.0)
(1512, 1513, 1.6804727161622315)
(5.7282, 0.0017, 0.0013, 3, 1, 0.0)
(740, 741, 1.403585163962053)
(4.016, 0.0017, 0.0016, 3, 1, 0.0)
(433, 434, 1.1492307490659508)
(5.4469, 0.0017, 0.0019, 3, 1, 0.0)
(262, 263, 1.1209112526564253)
(-2.6866, 0.0017, -0.0002, 3, 2, 0.0)
(19838, 19838, 0.014062487484715131)
(-2.7796, 0.0017, 0.0001, 3, 2, 0.0)
(15286, 15286, 0.03339009288104678)
(0.5166, 0.0017, 0.0004, 3, 2, 0.0)
(2320, 2321, 1.1006275380694541)
(5.6595, 0.0017, 0.0007, 3, 2, 0.0)
(459, 460, 1.2309288657576143)
(4.2246, 0.0017, 0.001, 3, 2, 0.0)
(147, 148, 1.0509276393434088)
(8.8184, 0.0017, 0.0013, 3, 2, 0.0)
(62, 63, 1.0446940594501388)
(12.001, 0.0017, 0.0016, 3, 2, 0.0)
(29, 30, 1.0282198447201747)
(14.694, 0.0017, 0.0019, 3, 2, 0.0)
(19, 20, 1.022572727547918)
(-2.795, 0.0017, -0.0002, 3, 3, 0.0)
(17818, 17818, 0.018599756487587812)
(-2.5478, 0.0017, 0.0001, 3, 3, 0.0)
(6873, 6874, 0.24634865057698813)
(4.4372, 0.0017, 0.0004, 3, 3, 0.0)
(409, 410, 1.1562225285515806)
(7.7824, 0.0017, 0.0007, 3, 3, 0.0)
(70, 71, 1.0445309462288053)
(21.3349, 0.0017, 0.001, 3, 3, 0.0)
(18, 19, 1.0311719874805432)
(-33.7045, 0.0017, 0.0013, 3, 3, 0.0)
(5, 6, 0.9865906943026433)
(-2.8039, 0.0017, -0.0002, 3, 4, 0.0)
(11758, 11758, 0.07152033795178116)
(-1.065, 0.0017, 0.0001, 3, 4, 0.0)
(2257, 2258, 0.8250600586569479)
(10.5972, 0.0017, 0.0004, 3, 4, 0.0)
(83, 84, 1.0728680187321267)
(18.4051, 0.0017, 0.0007, 3, 4, 0.0)
(14, 15, 1.0208121431050987)
(-157.1338, 0.0017, 0.001, 3, 4, 0.0)
(2, 3, 0.9750166208046921)
(428.8387, 0.0017, 0.0013, 3, 4, 0.0)
(1, 2, 1.0343070922550348)
(-2.8478, 0.0017, -0.0002, 3, 5, 0.0)
(11128, 11128, 0.07922028654705306)
(1.3662, 0.0017, 0.0001, 3, 5, 0.0)
(761, 762, 1.0867274123232138)
(18.2075, 0.0017, 0.0004, 3, 5, 0.0)
(22, 23, 1.0325401464402055)
(44.7962, 0.0017, 0.0007, 3, 5, 0.0)
(6, 7, 1.0216957560022697)
(-371.1295, 0.0017, 0.001, 3, 5, 0.0)
(1, 2, 0.9703096394173367)
(-2.4314, 0.0017, -0.0002, 4, 1, 0.0)
(2425, 2425, 0.6239171642605666)
(-2.3091, 0.0017, 0.0001, 4, 1, 0.0)
(2411, 2411, 0.6405586542525803)
(-1.6492, 0.0017, 0.0004, 4, 1, 0.0)
(2224, 2225, 0.7456844254058825)
(3.3901, 0.0017, 0.0007, 4, 1, 0.0)
(1556, 1557, 1.5249186020706782)
(8.7156, 0.0017, 0.001, 4, 1, 0.0)
(930, 931, 1.9121270832203054)
(9.7537, 0.0017, 0.0013, 4, 1, 0.0)
(573, 574, 1.5635104269168605)
(7.7197, 0.0017, 0.0016, 4, 1, 0.0)
(366, 367, 1.2535284038783023)
(6.5971, 0.0017, 0.0019, 4, 1, 0.0)
(238, 239, 1.1338004049256445)
(-2.5706, 0.0017, -0.0002, 4, 2, 0.0)
(2377, 2377, 0.613317086939925)
(-2.9022, 0.0017, 0.0001, 4, 2, 0.0)
(2322, 2322, 0.5832255433956822)
(2.9097, 0.0017, 0.0004, 4, 2, 0.0)
(1227, 1228, 1.330543397053388)
(9.4312, 0.0017, 0.0007, 4, 2, 0.0)
(371, 372, 1.3228809885746011)
(11.5907, 0.0017, 0.001, 4, 2, 0.0)
(135, 136, 1.1332857929859528)
(20.8035, 0.0017, 0.0013, 4, 2, 0.0)
(61, 62, 1.10675976233445)
(23.4283, 0.0017, 0.0016, 4, 2, 0.0)
(29, 30, 1.055804284876029)
(18.7038, 0.0017, 0.0019, 4, 2, 0.0)
(19, 20, 1.0288159216400126)
(-2.7022, 0.0017, -0.0002, 4, 3, 0.0)
(2278, 2278, 0.6110991017691225)
(-2.8501, 0.0017, 0.0001, 4, 3, 0.0)
(1956, 1957, 0.6401628240328958)
(7.9843, 0.0017, 0.0004, 4, 3, 0.0)
(347, 348, 1.2480380632581871)
(9.3159, 0.0017, 0.0007, 4, 3, 0.0)
(68, 69, 1.0519645898188905)
(18.0996, 0.0017, 0.001, 4, 3, 0.0)
(18, 19, 1.0263866431589896)
(-23.445, 0.0017, 0.0013, 4, 3, 0.0)
(5, 6, 0.9906571114914072)
(-2.7472, 0.0017, -0.0002, 4, 4, 0.0)
(1906, 1906, 0.6577462504742222)
(-1.6832, 0.0017, 0.0001, 4, 4, 0.0)
(1147, 1148, 0.856878495060239)
(7.9589, 0.0017, 0.0004, 4, 4, 0.0)
(79, 80, 1.0515698758724474)
(17.7838, 0.0017, 0.0007, 4, 4, 0.0)
(14, 15, 1.0201030833829616)
(-109.8041, 0.0017, 0.001, 4, 4, 0.0)
(2, 3, 0.9825085020502525)
(414.447, 0.0017, 0.0013, 4, 4, 0.0)
(1, 2, 1.0331557605152262)
(-2.5426, 0.0017, -0.0002, 4, 5, 0.0)
(1412, 1412, 0.7503328188606683)
(2.7951, 0.0017, 0.0001, 4, 5, 0.0)
(508, 509, 1.1202832062021058)
(26.8888, 0.0017, 0.0004, 4, 5, 0.0)
(22, 23, 1.0484086709767095)
(29.8347, 0.0017, 0.0007, 4, 5, 0.0)
(6, 7, 1.0144063771075895)
(-386.557, 0.0017, 0.001, 4, 5, 0.0)
(1, 2, 0.9690754431989825)
(-2.1737, 0.0017, -0.0002, 5, 1, 0.0)
(232, 232, 0.9604549135343096)
(-1.9134, 0.0017, 0.0001, 5, 1, 0.0)
(232, 232, 0.9651084570381764)
(-1.3529, 0.0017, 0.0004, 5, 1, 0.0)
(228, 228, 0.9756233891452929)
(7.3921, 0.0017, 0.0007, 5, 1, 0.0)
(223, 223, 1.1409218772402705)
(8.718, 0.0017, 0.001, 5, 1, 0.0)
(202, 202, 1.1512340050359589)
(8.1588, 0.0017, 0.0013, 5, 1, 0.0)
(168, 168, 1.115852919706958)
(19.7864, 0.0017, 0.0016, 5, 1, 0.0)
(140, 140, 1.247863370990511)
(27.6839, 0.0017, 0.0019, 5, 1, 0.0)
(114, 114, 1.2868504879026434)
(-2.114, 0.0017, -0.0002, 5, 2, 0.0)
(231, 231, 0.961683336283535)
(-3.5149, 0.0017, 0.0001, 5, 2, 0.0)
(231, 231, 0.9371014397350728)
(1.7287, 0.0017, 0.0004, 5, 2, 0.0)
(217, 217, 1.0304623519844203)
(6.3814, 0.0017, 0.0007, 5, 2, 0.0)
(154, 154, 1.081770226743652)
(23.944, 0.0017, 0.001, 5, 2, 0.0)
(82, 82, 1.169904938554555)
(50.7332, 0.0017, 0.0013, 5, 2, 0.0)
(48, 48, 1.2146076668939696)
(64.6546, 0.0017, 0.0016, 5, 2, 0.0)
(25, 26, 1.1376627140534314)
(56.5729, 0.0017, 0.0019, 5, 2, 0.0)
(17, 18, 1.0797889679688961)
(-2.3725, 0.0017, -0.0002, 5, 3, 0.0)
(228, 228, 0.9576438928700641)
(0.5175, 0.0017, 0.0001, 5, 3, 0.0)
(223, 223, 1.009275387315129)
(17.8936, 0.0017, 0.0004, 5, 3, 0.0)
(145, 145, 1.2304956983238169)
(18.4939, 0.0017, 0.0007, 5, 3, 0.0)
(53, 53, 1.0815078867138022)
(54.8382, 0.0017, 0.001, 5, 3, 0.0)
(18, 18, 1.0819817745654208)
(-57.855, 0.0017, 0.0013, 5, 3, 0.0)
(5, 6, 0.9770712315976495)
(-2.0933, 0.0017, -0.0002, 5, 4, 0.0)
(208, 208, 0.9657649298707227)
(-1.1522, 0.0017, 0.0001, 5, 4, 0.0)
(193, 193, 0.9823662653501735)
(40.9566, 0.0017, 0.0004, 5, 4, 0.0)
(59, 59, 1.2128818730124573)
(55.7299, 0.0017, 0.0007, 5, 4, 0.0)
(14, 14, 1.0642589611956887)
(-105.0543, 0.0017, 0.001, 5, 4, 0.0)
(2, 3, 0.9832619449962214)
(299.4484, 0.0017, 0.0013, 5, 4, 0.0)
(1, 2, 1.0239558707643817)
(-1.6986, 0.0017, -0.0002, 5, 5, 0.0)
(186, 186, 0.9750401905255314)
(14.0038, 0.0017, 0.0001, 5, 5, 0.0)
(153, 153, 1.1868592249787773)
(45.2859, 0.0017, 0.0004, 5, 5, 0.0)
(21, 21, 1.0789008591571072)
(99.1366, 0.0017, 0.0007, 5, 5, 0.0)
(6, 6, 1.0485390746754266)
(-492.5138, 0.0017, 0.001, 5, 5, 0.0)
(1, 2, 0.9605988967691097)
(-2.2486, 0.0002, -0.0002, 1, 1, 0.0002)
(99772, 99772, 1.602254521120135e-08)
(-2.2045, 0.0002, 0.0001, 1, 1, 0.0002)
(76002, 76002, 1.5074062104079794e-06)
(-1.0948, 0.0002, 0.0004, 1, 1, 0.0002)
(20818, 20819, 0.1614783375434925)
(0.8709, 0.0002, 0.0007, 1, 1, 0.0002)
(5019, 5020, 1.4185854767659)
(2.0956, 0.0002, 0.001, 1, 1, 0.0002)
(1767, 1768, 1.3447441594680904)
(2.873, 0.0002, 0.0013, 1, 1, 0.0002)
(811, 812, 1.2048779641918346)
(2.9245, 0.0002, 0.0016, 1, 1, 0.0002)
(454, 455, 1.1120487852408933)
(4.663, 0.0002, 0.0019, 1, 1, 0.0002)
(271, 272, 1.1063595022335988)
(-2.4134, 0.0002, -0.0002, 1, 2, 0.0002)
(34211, 34211, 0.0013523339353112085)
(-2.4182, 0.0002, 0.0001, 1, 2, 0.0002)
(20792, 20792, 0.017905510927327922)
(0.5892, 0.0002, 0.0004, 1, 2, 0.0002)
(2559, 2560, 1.1281908009384987)
(3.7171, 0.0002, 0.0007, 1, 2, 0.0002)
(477, 478, 1.1523723375646702)
(2.1018, 0.0002, 0.001, 1, 2, 0.0002)
(151, 152, 1.0257120146642458)
(3.5687, 0.0002, 0.0013, 1, 2, 0.0002)
(64, 65, 1.0184368897981162)
(3.8692, 0.0002, 0.0016, 1, 2, 0.0002)
(29, 30, 1.0090156458213597)
(4.2082, 0.0002, 0.0019, 1, 2, 0.0002)
(19, 20, 1.0064159407586848)
(-2.6832, 0.0002, -0.0002, 1, 3, 0.0002)
(18780, 18780, 0.017745802762139804)
(-2.4916, 0.0002, 0.0001, 1, 3, 0.0002)
(7243, 7244, 0.23601627232186925)
(3.1667, 0.0002, 0.0004, 1, 3, 0.0002)
(421, 422, 1.1125361705271462)
(7.3272, 0.0002, 0.0007, 1, 3, 0.0002)
(72, 73, 1.043094870981547)
(12.0469, 0.0002, 0.001, 1, 3, 0.0002)
(19, 20, 1.018470937144633)
(-38.483, 0.0002, 0.0013, 1, 3, 0.0002)
(5, 6, 0.9847012727026706)
(-2.9262, 0.0002, -0.0002, 1, 4, 0.0002)
(12468, 12468, 0.05398496876849306)
(-1.5839, 0.0002, 0.0001, 1, 4, 0.0002)
(2407, 2408, 0.7371153128089996)
(3.6924, 0.0002, 0.0004, 1, 4, 0.0002)
(87, 88, 1.026027989088055)
(9.532, 0.0002, 0.0007, 1, 4, 0.0002)
(14, 15, 1.0107288734395412)
(-147.7744, 0.0002, 0.001, 1, 4, 0.0002)
(2, 3, 0.9764958592653709)
(449.4539, 0.0002, 0.0013, 1, 4, 0.0002)
(1, 2, 1.0359563102925935)
(-3.0017, 0.0002, -0.0002, 1, 5, 0.0002)
(8727, 8727, 0.12295363891485962)
(-0.7178, 0.0002, 0.0001, 1, 5, 0.0002)
(777, 778, 0.9563631094638275)
(7.0727, 0.0002, 0.0004, 1, 5, 0.0002)
(22, 23, 1.012522230201336)
(22.4573, 0.0002, 0.0007, 1, 5, 0.0002)
(6, 7, 1.0108280556187195)
(-351.7898, 0.0002, 0.001, 1, 5, 0.0002)
(1, 2, 0.9718568125647773)
(-2.229, 0.0002, -0.0002, 2, 1, 0.0002)
(42536, 42536, 0.0005076264518185121)
(-2.2422, 0.0002, 0.0001, 2, 1, 0.0002)
(38806, 38806, 0.0009477560305135887)
(-1.0781, 0.0002, 0.0004, 2, 1, 0.0002)
(16251, 16252, 0.24617918301103797)
(1.5593, 0.0002, 0.0007, 2, 1, 0.0002)
(4489, 4490, 1.7505524339551723)
(3.1158, 0.0002, 0.001, 2, 1, 0.0002)
(1657, 1658, 1.5113076594339512)
(4.3868, 0.0002, 0.0013, 2, 1, 0.0002)
(770, 771, 1.3102011573683776)
(3.6225, 0.0002, 0.0016, 2, 1, 0.0002)
(441, 442, 1.1363071505563056)
(5.4726, 0.0002, 0.0019, 2, 1, 0.0002)
(266, 267, 1.1234811928279445)
(-2.4545, 0.0002, -0.0002, 2, 2, 0.0002)
(23799, 23799, 0.009338485963148587)
(-2.4104, 0.0002, 0.0001, 2, 2, 0.0002)
(16476, 16476, 0.0416958930529583)
(0.8019, 0.0002, 0.0004, 2, 2, 0.0002)
(2433, 2434, 1.1689246690280903)
(4.5126, 0.0002, 0.0007, 2, 2, 0.0002)
(468, 469, 1.184027468247236)
(2.9471, 0.0002, 0.001, 2, 2, 0.0002)
(148, 149, 1.0355055741269923)
(4.2401, 0.0002, 0.0013, 2, 2, 0.0002)
(63, 64, 1.0215963707883329)
(4.7755, 0.0002, 0.0016, 2, 2, 0.0002)
(29, 30, 1.0111386156949027)
(6.4551, 0.0002, 0.0019, 2, 2, 0.0002)
(19, 20, 1.0098574368211355)
(-2.6706, 0.0002, -0.0002, 2, 3, 0.0002)
(8122, 8122, 0.1763200592403132)
(-1.8734, 0.0002, 0.0001, 2, 3, 0.0002)
(4672, 4673, 0.4964602346430312)
(6.0417, 0.0002, 0.0004, 2, 3, 0.0002)
(399, 400, 1.2126472103319133)
(9.0218, 0.0002, 0.0007, 2, 3, 0.0002)
(69, 70, 1.0510421808115706)
(19.0983, 0.0002, 0.001, 2, 3, 0.0002)
(18, 19, 1.0278616527599362)
(-43.3172, 0.0002, 0.0013, 2, 3, 0.0002)
(5, 6, 0.9827927818774953)
(-2.9455, 0.0002, -0.0002, 2, 4, 0.0002)
(5121, 5121, 0.2991363105842563)
(-1.2369, 0.0002, 0.0001, 2, 4, 0.0002)
(1871, 1872, 0.8309786851098606)
(8.373, 0.0002, 0.0004, 2, 4, 0.0002)
(84, 85, 1.0578600426285896)
(14.1059, 0.0002, 0.0007, 2, 4, 0.0002)
(14, 15, 1.015915010849855)
(-163.2821, 0.0002, 0.001, 2, 4, 0.0002)
(2, 3, 0.9740454952032712)
(431.9268, 0.0002, 0.0013, 2, 4, 0.0002)
(1, 2, 1.0345541401273886)
(-2.8408, 0.0002, -0.0002, 2, 5, 0.0002)
(3680, 3680, 0.43326051813754013)
(1.3492, 0.0002, 0.0001, 2, 5, 0.0002)
(690, 691, 1.0773135544020906)
(8.4406, 0.0002, 0.0004, 2, 5, 0.0002)
(22, 23, 1.0149613260365056)
(24.7656, 0.0002, 0.0007, 2, 5, 0.0002)
(6, 7, 1.0119465054734214)
(-368.2325, 0.0002, 0.001, 2, 5, 0.0002)
(1, 2, 0.9705414012738854)
(-2.1853, 0.0002, -0.0002, 3, 1, 0.0002)
(10269, 10269, 0.1660533885525385)
(-2.2577, 0.0002, 0.0001, 3, 1, 0.0002)
(10120, 10120, 0.16073108434217917)
(-1.1571, 0.0002, 0.0004, 3, 1, 0.0002)
(7416, 7417, 0.5033313448351726)
(2.9533, 0.0002, 0.0007, 3, 1, 0.0002)
(3196, 3197, 2.1276290558224984)
(6.9225, 0.0002, 0.001, 3, 1, 0.0002)
(1380, 1381, 2.146914530874133)
(8.5775, 0.0002, 0.0013, 3, 1, 0.0002)
(711, 712, 1.628600784457287)
(6.431, 0.0002, 0.0016, 3, 1, 0.0002)
(426, 427, 1.244970986349159)
(7.3185, 0.0002, 0.0019, 3, 1, 0.0002)
(262, 263, 1.1657345729143616)
(-2.5235, 0.0002, -0.0002, 3, 2, 0.0002)
(7327, 7327, 0.22779231300195282)
(-2.4505, 0.0002, 0.0001, 3, 2, 0.0002)
(6526, 6526, 0.2781756529771147)
(2.4365, 0.0002, 0.0004, 3, 2, 0.0002)
(1936, 1937, 1.4583852890549471)
(7.9707, 0.0002, 0.0007, 3, 2, 0.0002)
(440, 441, 1.3237628185829862)
(8.6284, 0.0002, 0.001, 3, 2, 0.0002)
(145, 146, 1.1052318824018421)
(13.4766, 0.0002, 0.0013, 3, 2, 0.0002)
(62, 63, 1.0690901942468134)
(21.2502, 0.0002, 0.0016, 3, 2, 0.0002)
(29, 30, 1.0504918782802453)
(19.8638, 0.0002, 0.0019, 3, 2, 0.0002)
(19, 20, 1.0306287319546616)
(-2.7974, 0.0002, -0.0002, 3, 3, 0.0002)
(3732, 3732, 0.4337494587239543)
(-1.6602, 0.0002, 0.0001, 3, 3, 0.0002)
(2780, 2781, 0.6912563747570333)
(8.7184, 0.0002, 0.0004, 3, 3, 0.0002)
(365, 366, 1.289801104113474)
(13.404, 0.0002, 0.0007, 3, 3, 0.0002)
(67, 68, 1.0744476952047475)
(35.8048, 0.0002, 0.001, 3, 3, 0.0002)
(18, 19, 1.052833551385845)
(-31.3256, 0.0002, 0.0013, 3, 3, 0.0002)
(5, 6, 0.9875324249977072)
(-2.7999, 0.0002, -0.0002, 3, 4, 0.0002)
(1464, 1464, 0.7203928394891539)
(0.0979, 0.0002, 0.0001, 3, 4, 0.0002)
(962, 963, 1.007562347752092)
(32.6825, 0.0002, 0.0004, 3, 4, 0.0002)
(73, 74, 1.2099957703537294)
(30.6327, 0.0002, 0.0007, 3, 4, 0.0002)
(14, 15, 1.0348604653788198)
(-115.3335, 0.0002, 0.001, 3, 4, 0.0002)
(2, 3, 0.9816317668606672)
(389.85, 0.0002, 0.0013, 3, 4, 0.0002)
(1, 2, 1.0311880009523056)
(-2.729, 0.0002, -0.0002, 3, 5, 0.0002)
(1005, 1005, 0.8029746724006348)
(9.76, 0.0002, 0.0001, 3, 5, 0.0002)
(455, 456, 1.4263571679165965)
(28.1039, 0.0002, 0.0004, 3, 5, 0.0002)
(22, 23, 1.0506483239704312)
(68.9522, 0.0002, 0.0007, 3, 5, 0.0002)
(6, 7, 1.0335568684635001)
(-459.3046, 0.0002, 0.001, 3, 5, 0.0002)
(1, 2, 0.9632556301856974)
(-2.223, 0.0002, -0.0002, 4, 1, 0.0002)
(1597, 1597, 0.75273676011645)
(-2.0787, 0.0002, 0.0001, 4, 1, 0.0002)
(1595, 1595, 0.7670022428231246)
(-1.2523, 0.0002, 0.0004, 4, 1, 0.0002)
(1504, 1505, 0.8601233708377516)
(4.6305, 0.0002, 0.0007, 4, 1, 0.0002)
(1143, 1144, 1.5270505826028204)
(9.588, 0.0002, 0.001, 4, 1, 0.0002)
(760, 761, 1.790914048266461)
(11.2524, 0.0002, 0.0013, 4, 1, 0.0002)
(505, 506, 1.5752165122322481)
(8.09, 0.0002, 0.0016, 4, 1, 0.0002)
(343, 344, 1.2484678233779802)
(7.0616, 0.0002, 0.0019, 4, 1, 0.0002)
(231, 232, 1.1393545232521156)
(-2.52, 0.0002, -0.0002, 4, 2, 0.0002)
(1320, 1320, 0.7663342280773741)
(-2.6367, 0.0002, 0.0001, 4, 2, 0.0002)
(1300, 1300, 0.7601455583142538)
(3.9927, 0.0002, 0.0004, 4, 2, 0.0002)
(847, 848, 1.3106216571031548)
(11.8579, 0.0002, 0.0007, 4, 2, 0.0002)
(335, 336, 1.3738815043898938)
(15.0758, 0.0002, 0.001, 4, 2, 0.0002)
(131, 132, 1.1710475284348791)
(35.4138, 0.0002, 0.0013, 4, 2, 0.0002)
(60, 61, 1.1850036333089722)
(45.7813, 0.0002, 0.0016, 4, 2, 0.0002)
(29, 30, 1.111842532942436)
(31.9561, 0.0002, 0.0019, 4, 2, 0.0002)
(19, 20, 1.0497072968713048)
(-2.5236, 0.0002, -0.0002, 4, 3, 0.0002)
(826, 826, 0.8463907083445187)
(-0.5403, 0.0002, 0.0001, 4, 3, 0.0002)
(776, 777, 0.9670131954897593)
(11.5223, 0.0002, 0.0004, 4, 3, 0.0002)
(284, 285, 1.299093553124843)
(16.5588, 0.0002, 0.0007, 4, 3, 0.0002)
(66, 67, 1.091302944284881)
(30.9475, 0.0002, 0.001, 4, 3, 0.0002)
(18, 19, 1.045514792136431)
(-12.6366, 0.0002, 0.0013, 4, 3, 0.0002)
(5, 6, 0.9949555514090439)
(-2.5214, 0.0002, -0.0002, 4, 4, 0.0002)
(457, 457, 0.91193046509936)
(-0.298, 0.0002, 0.0001, 4, 4, 0.0002)
(389, 390, 0.9907680636688017)
(47.4755, 0.0002, 0.0004, 4, 4, 0.0002)
(64, 65, 1.2745768079208866)
(30.5744, 0.0002, 0.0007, 4, 4, 0.0002)
(14, 15, 1.0347931508130617)
(-113.6849, 0.0002, 0.001, 4, 4, 0.0002)
(2, 3, 0.9818931375596082)
(412.3937, 0.0002, 0.0013, 4, 4, 0.0002)
(1, 2, 1.0329914937594404)
(-1.4346, 0.0002, -0.0002, 4, 5, 0.0002)
(205, 205, 0.9767462282651974)
(13.0314, 0.0002, 0.0001, 4, 5, 0.0002)
(160, 161, 1.1814178350907365)
(65.6124, 0.0002, 0.0004, 4, 5, 0.0002)
(20, 21, 1.1103832571354517)
(98.6855, 0.0002, 0.0007, 4, 5, 0.0002)
(6, 7, 1.048313878976253)
(-483.0442, 0.0002, 0.001, 4, 5, 0.0002)
(1, 2, 0.9613564668769716)
(-2.0051, 0.0002, -0.0002, 5, 1, 0.0002)
(177, 177, 0.972005268139067)
(-1.5302, 0.0002, 0.0001, 5, 1, 0.0002)
(177, 177, 0.978564102593127)
(-0.1401, 0.0002, 0.0004, 5, 1, 0.0002)
(175, 175, 0.9980409327029997)
(8.8299, 0.0002, 0.0007, 5, 1, 0.0002)
(172, 172, 1.1291408526055169)
(8.7346, 0.0002, 0.001, 5, 1, 0.0002)
(156, 156, 1.1151286354145875)
(1.3607, 0.0002, 0.0013, 5, 1, 0.0002)
(137, 137, 1.0150241753656766)
(8.7073, 0.0002, 0.0016, 5, 1, 0.0002)
(118, 118, 1.0856389621606017)
(16.918, 0.0002, 0.0019, 5, 1, 0.0002)
(97, 97, 1.1401899609395982)
(-2.0934, 0.0002, -0.0002, 5, 2, 0.0002)
(163, 163, 0.9730693689068961)
(-3.3959, 0.0002, 0.0001, 5, 2, 0.0002)
(163, 163, 0.9566778147069711)
(3.871, 0.0002, 0.0004, 5, 2, 0.0002)
(153, 153, 1.0485140593802162)
(3.8752, 0.0002, 0.0007, 5, 2, 0.0002)
(119, 119, 1.0375749334064324)
(28.541, 0.0002, 0.001, 5, 2, 0.0002)
(69, 69, 1.1704250379165593)
(71.8896, 0.0002, 0.0013, 5, 2, 0.0002)
(40, 40, 1.257829525366455)
(59.9766, 0.0002, 0.0016, 5, 2, 0.0002)
(21, 22, 1.105745531126818)
(46.5379, 0.0002, 0.0019, 5, 2, 0.0002)
(13, 14, 1.049495435811188)
(-1.7845, 0.0002, -0.0002, 5, 3, 0.0002)
(113, 113, 0.9839961712969623)
(3.9163, 0.0002, 0.0001, 5, 3, 0.0002)
(112, 112, 1.035707563959094)
(12.5069, 0.0002, 0.0004, 5, 3, 0.0002)
(88, 88, 1.0919932188418524)
(0.6321, 0.0002, 0.0007, 5, 3, 0.0002)
(44, 44, 1.002227407609642)
(24.7237, 0.0002, 0.001, 5, 3, 0.0002)
(14, 14, 1.0280493427114257)
(-115.333, 0.0002, 0.0013, 5, 3, 0.0002)
(5, 6, 0.9547102981428883)
(-0.5329, 0.0002, -0.0002, 5, 4, 0.0002)
(73, 73, 0.9968928640744723)
(3.0468, 0.0002, 0.0001, 5, 4, 0.0002)
(71, 71, 1.0174544130050476)
(44.3894, 0.0002, 0.0004, 5, 4, 0.0002)
(39, 39, 1.1482622415532953)
(-30.6762, 0.0002, 0.0007, 5, 4, 0.0002)
(12, 12, 0.9709451454901592)
(-105.0543, 0.0002, 0.001, 5, 4, 0.0002)
(2, 3, 0.9832619449962214)
(299.4484, 0.0002, 0.0013, 5, 4, 0.0002)
(1, 2, 1.0239558707643817)
(0.2324, 0.0002, -0.0002, 5, 5, 0.0002)
(40, 40, 1.0007439513195528)
(18.0513, 0.0002, 0.0001, 5, 5, 0.0002)
(38, 38, 1.0563678944863217)
(41.7785, 0.0002, 0.0004, 5, 5, 0.0002)
(15, 15, 1.0513243513784285)
(42.1814, 0.0002, 0.0007, 5, 5, 0.0002)
(6, 6, 1.0204186403436704)
(-492.5138, 0.0002, 0.001, 5, 5, 0.0002)
(1, 2, 0.9605988967691097)
(-2.2486, 0.0005, -0.0002, 1, 1, 0.0002)
(99772, 99772, 1.602254521120135e-08)
(-2.2045, 0.0005, 0.0001, 1, 1, 0.0002)
(76002, 76002, 1.5074062104079794e-06)
(-1.0948, 0.0005, 0.0004, 1, 1, 0.0002)
(20818, 20819, 0.1614783375434925)
(0.8709, 0.0005, 0.0007, 1, 1, 0.0002)
(5019, 5020, 1.4185854767659)
(2.0956, 0.0005, 0.001, 1, 1, 0.0002)
(1767, 1768, 1.3447441594680904)
(2.873, 0.0005, 0.0013, 1, 1, 0.0002)
(811, 812, 1.2048779641918346)
(2.9245, 0.0005, 0.0016, 1, 1, 0.0002)
(454, 455, 1.1120487852408933)
(4.663, 0.0005, 0.0019, 1, 1, 0.0002)
(271, 272, 1.1063595022335988)
(-2.4134, 0.0005, -0.0002, 1, 2, 0.0002)
(34211, 34211, 0.0013523339353112085)
(-2.4182, 0.0005, 0.0001, 1, 2, 0.0002)
(20792, 20792, 0.017905510927327922)
(0.5892, 0.0005, 0.0004, 1, 2, 0.0002)
(2559, 2560, 1.1281908009384987)
(3.7171, 0.0005, 0.0007, 1, 2, 0.0002)
(477, 478, 1.1523723375646702)
(2.1018, 0.0005, 0.001, 1, 2, 0.0002)
(151, 152, 1.0257120146642458)
(3.5687, 0.0005, 0.0013, 1, 2, 0.0002)
(64, 65, 1.0184368897981162)
(3.8692, 0.0005, 0.0016, 1, 2, 0.0002)
(29, 30, 1.0090156458213597)
(4.2082, 0.0005, 0.0019, 1, 2, 0.0002)
(19, 20, 1.0064159407586848)
(-2.6832, 0.0005, -0.0002, 1, 3, 0.0002)
(18780, 18780, 0.017745802762139804)
(-2.4916, 0.0005, 0.0001, 1, 3, 0.0002)
(7243, 7244, 0.23601627232186925)
(3.1667, 0.0005, 0.0004, 1, 3, 0.0002)
(421, 422, 1.1125361705271462)
(7.3272, 0.0005, 0.0007, 1, 3, 0.0002)
(72, 73, 1.043094870981547)
(12.0469, 0.0005, 0.001, 1, 3, 0.0002)
(19, 20, 1.018470937144633)
(-38.483, 0.0005, 0.0013, 1, 3, 0.0002)
(5, 6, 0.9847012727026706)
(-2.9262, 0.0005, -0.0002, 1, 4, 0.0002)
(12468, 12468, 0.05398496876849306)
(-1.5839, 0.0005, 0.0001, 1, 4, 0.0002)
(2407, 2408, 0.7371153128089996)
(3.6924, 0.0005, 0.0004, 1, 4, 0.0002)
(87, 88, 1.026027989088055)
(9.532, 0.0005, 0.0007, 1, 4, 0.0002)
(14, 15, 1.0107288734395412)
(-147.7744, 0.0005, 0.001, 1, 4, 0.0002)
(2, 3, 0.9764958592653709)
(449.4539, 0.0005, 0.0013, 1, 4, 0.0002)
(1, 2, 1.0359563102925935)
(-3.0017, 0.0005, -0.0002, 1, 5, 0.0002)
(8727, 8727, 0.12295363891485962)
(-0.7178, 0.0005, 0.0001, 1, 5, 0.0002)
(777, 778, 0.9563631094638275)
(7.0727, 0.0005, 0.0004, 1, 5, 0.0002)
(22, 23, 1.012522230201336)
(22.4573, 0.0005, 0.0007, 1, 5, 0.0002)
(6, 7, 1.0108280556187195)
(-351.7898, 0.0005, 0.001, 1, 5, 0.0002)
(1, 2, 0.9718568125647773)
(-2.229, 0.0005, -0.0002, 2, 1, 0.0002)
(42536, 42536, 0.0005076264518185121)
(-2.2422, 0.0005, 0.0001, 2, 1, 0.0002)
(38806, 38806, 0.0009477560305135887)
(-1.0781, 0.0005, 0.0004, 2, 1, 0.0002)
(16251, 16252, 0.24617918301103797)
(1.5593, 0.0005, 0.0007, 2, 1, 0.0002)
(4489, 4490, 1.7505524339551723)
(3.1158, 0.0005, 0.001, 2, 1, 0.0002)
(1657, 1658, 1.5113076594339512)
(4.3868, 0.0005, 0.0013, 2, 1, 0.0002)
(770, 771, 1.3102011573683776)
(3.6225, 0.0005, 0.0016, 2, 1, 0.0002)
(441, 442, 1.1363071505563056)
(5.4726, 0.0005, 0.0019, 2, 1, 0.0002)
(266, 267, 1.1234811928279445)
(-2.4545, 0.0005, -0.0002, 2, 2, 0.0002)
(23799, 23799, 0.009338485963148587)
(-2.4104, 0.0005, 0.0001, 2, 2, 0.0002)
(16476, 16476, 0.0416958930529583)
(0.8019, 0.0005, 0.0004, 2, 2, 0.0002)
(2433, 2434, 1.1689246690280903)
(4.5126, 0.0005, 0.0007, 2, 2, 0.0002)
(468, 469, 1.184027468247236)
(2.9471, 0.0005, 0.001, 2, 2, 0.0002)
(148, 149, 1.0355055741269923)
(4.2401, 0.0005, 0.0013, 2, 2, 0.0002)
(63, 64, 1.0215963707883329)
(4.7755, 0.0005, 0.0016, 2, 2, 0.0002)
(29, 30, 1.0111386156949027)
(6.4551, 0.0005, 0.0019, 2, 2, 0.0002)
(19, 20, 1.0098574368211355)
(-2.6706, 0.0005, -0.0002, 2, 3, 0.0002)
(8122, 8122, 0.1763200592403132)
(-1.8734, 0.0005, 0.0001, 2, 3, 0.0002)
(4672, 4673, 0.4964602346430312)
(6.0417, 0.0005, 0.0004, 2, 3, 0.0002)
(399, 400, 1.2126472103319133)
(9.0218, 0.0005, 0.0007, 2, 3, 0.0002)
(69, 70, 1.0510421808115706)
(19.0983, 0.0005, 0.001, 2, 3, 0.0002)
(18, 19, 1.0278616527599362)
(-43.3172, 0.0005, 0.0013, 2, 3, 0.0002)
(5, 6, 0.9827927818774953)
(-2.9455, 0.0005, -0.0002, 2, 4, 0.0002)
(5121, 5121, 0.2991363105842563)
(-1.2369, 0.0005, 0.0001, 2, 4, 0.0002)
(1871, 1872, 0.8309786851098606)
(8.373, 0.0005, 0.0004, 2, 4, 0.0002)
(84, 85, 1.0578600426285896)
(14.1059, 0.0005, 0.0007, 2, 4, 0.0002)
(14, 15, 1.015915010849855)
(-163.2821, 0.0005, 0.001, 2, 4, 0.0002)
(2, 3, 0.9740454952032712)
(431.9268, 0.0005, 0.0013, 2, 4, 0.0002)
(1, 2, 1.0345541401273886)
(-2.8408, 0.0005, -0.0002, 2, 5, 0.0002)
(3680, 3680, 0.43326051813754013)
(1.3492, 0.0005, 0.0001, 2, 5, 0.0002)
(690, 691, 1.0773135544020906)
(8.4406, 0.0005, 0.0004, 2, 5, 0.0002)
(22, 23, 1.0149613260365056)
(24.7656, 0.0005, 0.0007, 2, 5, 0.0002)
(6, 7, 1.0119465054734214)
(-368.2325, 0.0005, 0.001, 2, 5, 0.0002)
(1, 2, 0.9705414012738854)
(-2.1853, 0.0005, -0.0002, 3, 1, 0.0002)
(10269, 10269, 0.1660533885525385)
(-2.2577, 0.0005, 0.0001, 3, 1, 0.0002)
(10120, 10120, 0.16073108434217917)
(-1.1571, 0.0005, 0.0004, 3, 1, 0.0002)
(7416, 7417, 0.5033313448351726)
(2.9533, 0.0005, 0.0007, 3, 1, 0.0002)
(3196, 3197, 2.1276290558224984)
(6.9225, 0.0005, 0.001, 3, 1, 0.0002)
(1380, 1381, 2.146914530874133)
(8.5775, 0.0005, 0.0013, 3, 1, 0.0002)
(711, 712, 1.628600784457287)
(6.431, 0.0005, 0.0016, 3, 1, 0.0002)
(426, 427, 1.244970986349159)
(7.3185, 0.0005, 0.0019, 3, 1, 0.0002)
(262, 263, 1.1657345729143616)
(-2.5235, 0.0005, -0.0002, 3, 2, 0.0002)
(7327, 7327, 0.22779231300195282)
(-2.4505, 0.0005, 0.0001, 3, 2, 0.0002)
(6526, 6526, 0.2781756529771147)
(2.4365, 0.0005, 0.0004, 3, 2, 0.0002)
(1936, 1937, 1.4583852890549471)
(7.9707, 0.0005, 0.0007, 3, 2, 0.0002)
(440, 441, 1.3237628185829862)
(8.6284, 0.0005, 0.001, 3, 2, 0.0002)
(145, 146, 1.1052318824018421)
(13.4766, 0.0005, 0.0013, 3, 2, 0.0002)
(62, 63, 1.0690901942468134)
(21.2502, 0.0005, 0.0016, 3, 2, 0.0002)
(29, 30, 1.0504918782802453)
(19.8638, 0.0005, 0.0019, 3, 2, 0.0002)
(19, 20, 1.0306287319546616)
(-2.7974, 0.0005, -0.0002, 3, 3, 0.0002)
(3732, 3732, 0.4337494587239543)
(-1.6602, 0.0005, 0.0001, 3, 3, 0.0002)
(2780, 2781, 0.6912563747570333)
(8.7184, 0.0005, 0.0004, 3, 3, 0.0002)
(365, 366, 1.289801104113474)
(13.404, 0.0005, 0.0007, 3, 3, 0.0002)
(67, 68, 1.0744476952047475)
(35.8048, 0.0005, 0.001, 3, 3, 0.0002)
(18, 19, 1.052833551385845)
(-31.3256, 0.0005, 0.0013, 3, 3, 0.0002)
(5, 6, 0.9875324249977072)
(-2.7999, 0.0005, -0.0002, 3, 4, 0.0002)
(1464, 1464, 0.7203928394891539)
(0.0979, 0.0005, 0.0001, 3, 4, 0.0002)
(962, 963, 1.007562347752092)
(32.6825, 0.0005, 0.0004, 3, 4, 0.0002)
(73, 74, 1.2099957703537294)
(30.6327, 0.0005, 0.0007, 3, 4, 0.0002)
(14, 15, 1.0348604653788198)
(-115.3335, 0.0005, 0.001, 3, 4, 0.0002)
(2, 3, 0.9816317668606672)
(389.85, 0.0005, 0.0013, 3, 4, 0.0002)
(1, 2, 1.0311880009523056)
(-2.729, 0.0005, -0.0002, 3, 5, 0.0002)
(1005, 1005, 0.8029746724006348)
(9.76, 0.0005, 0.0001, 3, 5, 0.0002)
(455, 456, 1.4263571679165965)
(28.1039, 0.0005, 0.0004, 3, 5, 0.0002)
(22, 23, 1.0506483239704312)
(68.9522, 0.0005, 0.0007, 3, 5, 0.0002)
(6, 7, 1.0335568684635001)
(-459.3046, 0.0005, 0.001, 3, 5, 0.0002)
(1, 2, 0.9632556301856974)
(-2.223, 0.0005, -0.0002, 4, 1, 0.0002)
(1597, 1597, 0.75273676011645)
(-2.0787, 0.0005, 0.0001, 4, 1, 0.0002)
(1595, 1595, 0.7670022428231246)
(-1.2523, 0.0005, 0.0004, 4, 1, 0.0002)
(1504, 1505, 0.8601233708377516)
(4.6305, 0.0005, 0.0007, 4, 1, 0.0002)
(1143, 1144, 1.5270505826028204)
(9.588, 0.0005, 0.001, 4, 1, 0.0002)
(760, 761, 1.790914048266461)
(11.2524, 0.0005, 0.0013, 4, 1, 0.0002)
(505, 506, 1.5752165122322481)
(8.09, 0.0005, 0.0016, 4, 1, 0.0002)
(343, 344, 1.2484678233779802)
(7.0616, 0.0005, 0.0019, 4, 1, 0.0002)
(231, 232, 1.1393545232521156)
(-2.52, 0.0005, -0.0002, 4, 2, 0.0002)
(1320, 1320, 0.7663342280773741)
(-2.6367, 0.0005, 0.0001, 4, 2, 0.0002)
(1300, 1300, 0.7601455583142538)
(3.9927, 0.0005, 0.0004, 4, 2, 0.0002)
(847, 848, 1.3106216571031548)
(11.8579, 0.0005, 0.0007, 4, 2, 0.0002)
(335, 336, 1.3738815043898938)
(15.0758, 0.0005, 0.001, 4, 2, 0.0002)
(131, 132, 1.1710475284348791)
(35.4138, 0.0005, 0.0013, 4, 2, 0.0002)
(60, 61, 1.1850036333089722)
